0 -2178.910861 -1.096e-12 -8.743129 -0.000000 -282.886392 1.614e-01
100 -1034.125728 4.015e-12 -7.091495 -0.000000 -239.654491 8.480e-02
200 -111.211026 4.581e-13 -5.627071 -0.000000 -202.711879 6.836e-02
300 617.718419 1.138e-12 -4.334642 -0.000000 -171.047943 5.399e-02
400 1195.450094 -1.033e-12 -3.186007 -0.000000 -144.037275 4.279e-02
500 1672.720573 6.730e-13 -2.149784 -0.000000 -121.040587 3.535e-02
600 2077.031248 1.947e-12 -1.211097 -0.000000 -101.367354 2.995e-02
700 2420.673362 -1.568e-12 -0.361157 -0.000000 -84.392981 2.545e-02
800 2711.974326 2.852e-12 0.408421 -0.000000 -69.614665 2.158e-02
900 2958.335111 7.644e-13 1.105703 -0.000000 -56.644100 1.825e-02
1000 3166.454582 6.643e-13 1.738061 -0.000000 -45.180880 1.542e-02
1100 3342.182636 -4.365e-13 2.312068 -0.000000 -34.987840 1.302e-02
1200 3490.498941 -7.351e-13 2.833527 -0.000000 -25.873203 1.099e-02
1300 3615.603687 8.054e-13 3.307556 -0.000000 -17.678879 9.267e-03
1400 3721.043687 2.102e-12 3.738682 -0.000000 -10.273028 7.810e-03
1500 3809.829176 1.153e-12 4.130924 -0.000000 -3.545192 6.577e-03
1600 3884.527415 -7.246e-14 4.487874 -0.000000 2.597156 5.533e-03
1700 3947.334085 9.749e-13 4.812757 -0.000000 8.231266 4.652e-03
1800 4000.127915 -5.712e-13 5.108479 -0.000000 13.421316 3.911e-03
1900 4044.513865 3.392e-13 5.377671 -0.000000 18.220318 3.288e-03
2000 4081.858715 4.229e-14 5.622719 -0.000000 22.671808 2.766e-03
2100 4113.321553 2.196e-12 5.845789 -0.000000 26.811352 2.331e-03
2200 4139.880613 -4.997e-13 6.048853 -0.000000 30.667882 1.967e-03
2300 4162.357283 1.383e-12 6.233703 -0.000000 34.264889 1.665e-03
2400 4181.437744 1.469e-12 6.401973 -0.000000 37.621463 1.413e-03
2500 4197.692457 -3.893e-13 6.555148 -0.000000 40.753203 1.204e-03
2600 4211.593639 1.809e-12 6.694581 -0.000000 43.673001 1.030e-03
2700 4223.530803 5.676e-13 6.821505 -0.000000 46.391711 8.842e-04
2800 4233.824429 5.708e-13 6.937040 -0.000000 48.918712 7.625e-04
2900 4242.737836 1.341e-12 7.042209 -0.000000 51.262365 6.603e-04
3000 4250.487365 2.470e-13 7.137939 -0.000000 53.430387 5.740e-04
3100 4257.250981 1.789e-12 7.225079 -0.000000 55.430145 5.010e-04
3200 4263.175452 1.831e-12 7.304398 -0.000000 57.268866 4.388e-04
3300 4268.382249 2.275e-13 7.376599 -0.000000 58.953793 3.857e-04
3400 4272.972346 -1.919e-13 7.442319 -0.000000 60.492284 3.400e-04
3500 4277.030091 -8.811e-13 7.502140 -0.000000 61.891861 3.006e-04
3600 4280.626291 2.063e-12 7.556591 -0.000000 63.160221 2.664e-04
3700 4283.820675 4.432e-13 7.606153 -0.000000 64.305219 2.366e-04
3800 4286.663857 -1.261e-12 7.651262 -0.000000 65.334831 2.106e-04
3900 4289.198901 -4.777e-13 7.692316 -0.000000 66.257087 1.878e-04
4000 4291.462587 -1.506e-12 7.729677 -0.000000 67.080015 1.677e-04
4100 4293.486446 1.903e-12 7.763671 -0.000000 67.811561 1.499e-04
4200 4295.297603 -1.509e-12 7.794596 -0.000000 68.459520 1.342e-04
4300 4296.919495 7.505e-13 7.822723 -0.000000 69.031465 1.201e-04
4400 4298.372459 -7.547e-13 7.848297 -0.000000 69.534689 1.076e-04
4500 4299.674243 7.644e-13 7.871540 -0.000000 69.976141 9.643e-05
4600 4300.840425 -1.337e-12 7.892656 -0.000000 70.362390 8.638e-05
4700 4301.884772 -1.901e-12 7.911827 -0.000000 70.699583 7.736e-05
4800 4302.819532 -1.603e-12 7.929222 -0.000000 70.993422 6.924e-05
4900 4303.655683 -1.160e-12 7.944992 -0.000000 71.249148 6.194e-05
5000 4304.403124 2.575e-12 7.959277 -0.000000 71.471536 5.537e-05
5100 4305.070831 -5.627e-13 7.972202 -0.000000 71.664898 4.946e-05
5200 4305.666982 -5.884e-13 7.983883 -0.000000 71.833093 4.416e-05
5300 4306.199044 -3.929e-13 7.994426 -0.000000 71.979542 3.941e-05
5400 4306.673850 -6.127e-13 8.003928 -0.000000 72.107253 3.517e-05
5500 4307.097646 1.920e-13 8.012475 -0.000000 72.218846 3.139e-05
5600 4307.476138 -7.974e-13 8.020151 -0.000000 72.316580 2.804e-05
5700 4307.814519 1.263e-12 8.027027 -0.000000 72.402388 2.507e-05
5800 4308.117497 5.821e-13 8.033174 -0.000000 72.477910 2.244e-05
5900 4308.389322 8.751e-13 8.038654 -0.000000 72.544518 2.014e-05
6000 4308.633808 6.859e-13 8.043523 -0.000000 72.603356 1.811e-05
6100 4308.854354 -4.858e-13 8.047835 -0.000000 72.655369 1.634e-05
6200 4309.053973 4.214e-13 8.051639 -0.000000 72.701328 1.479e-05
6300 4309.235316 -1.436e-12 8.054978 -0.000000 72.741862 1.343e-05
6400 4309.400697 1.753e-13 8.057895 -0.000000 72.777480 1.225e-05
6500 4309.552126 -1.270e-12 8.060427 -0.000000 72.808594 1.122e-05
6600 4309.691333 -1.121e-12 8.062609 -0.000000 72.835541 1.031e-05
6700 4309.819801 2.817e-12 8.064472 -0.000000 72.858597 9.516e-06
6800 4309.938788 -1.010e-12 8.066046 -0.000000 72.877993 8.814e-06
6900 4310.049360 -7.456e-13 8.067359 -0.000000 72.893928 8.191e-06
7000 4310.152414 9.997e-13 8.068433 -0.000000 72.906581 7.634e-06
7100 4310.248702 -9.415e-13 8.069293 -0.000000 72.916115 7.132e-06
7200 4310.338852 -1.849e-13 8.069959 -0.000000 72.922685 6.678e-06
7300 4310.423392 -3.863e-13 8.070449 -0.000000 72.926445 6.262e-06
7400 4310.502765 -1.039e-12 8.070782 -0.000000 72.927548 5.879e-06
7500 4310.577343 8.652e-13 8.070973 -0.000000 72.926150 5.524e-06
7600 4310.647448 -1.391e-12 8.071036 -0.000000 72.922408 5.193e-06
7700 4310.713353 -4.455e-13 8.070985 -0.000000 72.916486 4.882e-06
7800 4310.775302 -5.479e-13 8.070831 -0.000000 72.908547 4.589e-06
7900 4310.833512 6.746e-13 8.070587 -0.000000 72.898759 4.312e-06
8000 4310.888183 -2.290e-13 8.070261 -0.000000 72.887289 4.050e-06
8100 4310.939500 4.876e-13 8.069863 -0.000000 72.874304 3.801e-06
8200 4310.987640 -1.711e-12 8.069400 -0.000000 72.859967 3.566e-06
8300 4311.032772 -2.836e-13 8.068882 -0.000000 72.844440 3.343e-06
8400 4311.075062 -7.316e-13 8.068313 -0.000000 72.827877 3.133e-06
8500 4311.114672 -1.260e-12 8.067701 -0.000000 72.810428 2.934e-06
8600 4311.151761 1.125e-12 8.067052 -0.000000 72.792232 2.747e-06
8700 4311.186485 -3.760e-13 8.066369 -0.000000 72.773423 2.572e-06
8800 4311.218999 5.774e-13 8.065658 -0.000000 72.754124 2.408e-06
8900 4311.249453 2.447e-12 8.064923 -0.000000 72.734448 2.256e-06
9000 4311.277994 -4.868e-13 8.064168 -0.000000 72.714498 2.114e-06
9100 4311.304765 -1.548e-12 8.063395 -0.000000 72.694368 1.983e-06
9200 4311.329902 6.674e-13 8.062609 -0.000000 72.674140 1.862e-06
9300 4311.353536 8.477e-14 8.061812 -0.000000 72.653889 1.751e-06
9400 4311.375792 8.455e-13 8.061006 -0.000000 72.633676 1.649e-06
9500 4311.396787 1.492e-12 8.060194 -0.000000 72.613559 1.555e-06
9600 4311.416630 3.542e-14 8.059378 -0.000000 72.593582 1.470e-06
9700 4311.435424 -9.529e-13 8.058559 -0.000000 72.573786 1.392e-06
9800 4311.453261 -2.339e-12 8.057739 -0.000000 72.554201 1.321e-06
9900 4311.470228 -1.892e-13 8.056920 -0.000000 72.534854 1.257e-06
10000 4311.486403 -1.910e-12 8.056103 -0.000000 72.515764 1.198e-06
10100 4311.501855 1.905e-12 8.055289 -0.000000 72.496946 1.145e-06
10200 4311.516647 1.264e-12 8.054479 -0.000000 72.478412 1.096e-06
10300 4311.530834 -7.324e-13 8.053674 -0.000000 72.460168 1.051e-06
10400 4311.544466 -1.006e-12 8.052875 -0.000000 72.442218 1.010e-06
10500 4311.557585 -2.298e-12 8.052083 -0.000000 72.424565 9.717e-07
10600 4311.570227 -2.202e-12 8.051298 -0.000000 72.407207 9.365e-07
10700 4311.582425 -2.601e-12 8.050522 -0.000000 72.390144 9.036e-07
10800 4311.594206 -2.500e-12 8.049753 -0.000000 72.373372 8.727e-07
10900 4311.605593 1.118e-12 8.048993 -0.000000 72.356887 8.435e-07
11000 4311.616606 -3.172e-12 8.048243 -0.000000 72.340685 8.158e-07
11100 4311.627262 -2.601e-13 8.047501 -0.000000 72.324762 7.893e-07
11200 4311.637574 9.903e-13 8.046770 -0.000000 72.309113 7.639e-07
11300 4311.647555 -5.291e-14 8.046048 -0.000000 72.293732 7.393e-07
11400 4311.657214 -9.012e-13 8.045337 -0.000000 72.278614 7.155e-07
11500 4311.666561 -1.432e-12 8.044635 -0.000000 72.263757 6.924e-07
11600 4311.675604 -1.552e-12 8.043944 -0.000000 72.249153 6.698e-07
11700 4311.684349 -1.441e-12 8.043263 -0.000000 72.234800 6.477e-07
11800 4311.692801 -7.892e-13 8.042592 -0.000000 72.220694 6.261e-07
11900 4311.700968 -1.395e-12 8.041932 -0.000000 72.206830 6.049e-07
12000 4311.708854 -5.582e-13 8.041282 -0.000000 72.193205 5.842e-07
12100 4311.716465 -1.658e-12 8.040642 -0.000000 72.179815 5.638e-07
12200 4311.723805 -5.902e-13 8.040012 -0.000000 72.166657 5.437e-07
12300 4311.730881 -1.754e-12 8.039393 -0.000000 72.153728 5.241e-07
12400 4311.737696 1.079e-12 8.038783 -0.000000 72.141025 5.048e-07
12500 4311.744256 -7.566e-13 8.038184 -0.000000 72.128544 4.860e-07
12600 4311.750567 -2.659e-12 8.037594 -0.000000 72.116282 4.675e-07
12700 4311.756634 -2.184e-12 8.037014 -0.000000 72.104236 4.494e-07
12800 4311.762461 -2.794e-12 8.036444 -0.000000 72.092404 4.317e-07
12900 4311.768055 -1.820e-12 8.035883 -0.000000 72.080781 4.144e-07
13000 4311.773421 -1.461e-12 8.035332 -0.000000 72.069364 3.975e-07
13100 4311.778563 -8.016e-13 8.034789 -0.000000 72.058151 3.809e-07
13200 4311.783489 -1.489e-12 8.034256 -0.000000 72.047137 3.648e-07
13300 4311.788202 -1.310e-12 8.033732 -0.000000 72.036320 3.491e-07
13400 4311.792708 -1.342e-12 8.033216 -0.000000 72.025696 3.338e-07
13500 4311.797012 7.848e-13 8.032710 -0.000000 72.015260 3.188e-07
13600 4311.801120 9.628e-15 8.032211 -0.000000 72.005010 3.043e-07
13700 4311.805036 -1.036e-12 8.031721 -0.000000 71.994942 2.901e-07
13800 4311.808765 -1.848e-12 8.031239 -0.000000 71.985052 2.762e-07
13900 4311.812312 8.567e-14 8.030766 -0.000000 71.975337 2.628e-07
14000 4311.815682 -1.023e-12 8.030300 -0.000000 71.965792 2.496e-07
14100 4311.818879 1.845e-12 8.029842 -0.000000 71.956415 2.368e-07
14200 4311.821908 -1.649e-12 8.029391 -0.000000 71.947201 2.243e-07
14300 4311.824772 4.893e-13 8.028949 -0.000000 71.938147 2.122e-07
14400 4311.827476 -3.589e-12 8.028513 -0.000000 71.929249 2.003e-07
14500 4311.830024 -1.817e-12 8.028085 -0.000000 71.920504 1.888e-07
14600 4311.832420 -2.604e-12 8.027663 -0.000000 71.911908 1.775e-07
14700 4311.834668 -2.641e-12 8.027249 -0.000000 71.903458 1.665e-07
14800 4311.836772 -3.042e-12 8.026842 -0.000000 71.895150 1.558e-07
14900 4311.838735 -6.475e-13 8.026441 -0.000000 71.886982 1.454e-07
15000 4311.840561 -4.451e-13 8.026047 -0.000000 71.878951 1.353e-07
15100 4311.842254 -1.514e-12 8.025659 -0.000000 71.871052 1.254e-07
15200 4311.843818 -1.934e-12 8.025277 -0.000000 71.863284 1.158e-07
15300 4311.845255 -2.688e-12 8.024902 -0.000000 71.855643 1.065e-07
15400 4311.846569 -2.660e-12 8.024533 -0.000000 71.848127 9.737e-08
15500 4311.847764 -1.332e-12 8.024170 -0.000000 71.840733 8.853e-08
15600 4311.848844 -1.855e-12 8.023812 -0.000000 71.833458 7.996e-08
15700 4311.849811 -8.979e-13 8.023461 -0.000000 71.826300 7.163e-08
15800 4311.850669 -1.125e-12 8.023115 -0.000000 71.819256 6.355e-08
15900 4311.851421 -8.467e-13 8.022774 -0.000000 71.812325 5.572e-08
16000 4311.852071 -3.031e-12 8.022439 -0.000000 71.805503 4.813e-08
16100 4311.852621 3.747e-13 8.022110 -0.000000 71.798789 4.078e-08
16200 4311.853076 -3.198e-12 8.021785 -0.000000 71.792181 3.368e-08
16300 4311.853438 -4.653e-12 8.021466 -0.000000 71.785676 2.681e-08
16400 4311.853710 -8.535e-13 8.021152 -0.000000 71.779272 2.018e-08
16500 4311.853896 -1.033e-12 8.020843 -0.000000 71.772968 1.378e-08
16600 4311.853999 -1.390e-12 8.020538 -0.000000 71.766761 7.615e-09
16700 4311.854022 -1.887e-12 8.020238 -0.000000 71.760650 1.673e-09
16800 4311.853967 -5.445e-12 8.019943 -0.000000 71.754634 4.046e-09
16900 4311.853838 -3.538e-14 8.019653 -0.000000 71.748709 9.544e-09
17000 4311.853638 -3.167e-12 8.019367 -0.000000 71.742875 1.483e-08
17100 4311.853369 -2.135e-12 8.019086 -0.000000 71.737130 1.990e-08
17200 4311.853035 -1.598e-12 8.018809 -0.000000 71.731473 2.476e-08
17300 4311.852638 -3.043e-12 8.018536 -0.000000 71.725901 2.941e-08
17400 4311.852181 -2.797e-12 8.018267 -0.000000 71.720414 3.387e-08
17500 4311.851666 -2.933e-12 8.018003 -0.000000 71.715009 3.813e-08
17600 4311.851097 -1.406e-12 8.017742 -0.000000 71.709686 4.220e-08
17700 4311.850474 -2.378e-14 8.017486 -0.000000 71.704442 4.608e-08
17800 4311.849802 -2.392e-12 8.017233 -0.000000 71.699278 4.978e-08
17900 4311.849083 -3.176e-12 8.016984 -0.000000 71.694190 5.331e-08
18000 4311.848318 -2.024e-12 8.016739 -0.000000 71.689179 5.666e-08
18100 4311.847510 -7.864e-13 8.016498 -0.000000 71.684242 5.984e-08
18200 4311.846661 7.513e-13 8.016261 -0.000000 71.679378 6.286e-08
18300 4311.845774 -1.808e-12 8.016027 -0.000000 71.674587 6.573e-08
18400 4311.844850 -3.441e-12 8.015796 -0.000000 71.669866 6.844e-08
18500 4311.843892 -2.169e-12 8.015569 -0.000000 71.665216 7.100e-08
18600 4311.842900 -2.694e-13 8.015345 -0.000000 71.660634 7.341e-08
18700 4311.841879 -2.466e-12 8.015125 -0.000000 71.656119 7.569e-08
18800 4311.840828 -4.040e-12 8.014908 -0.000000 71.651671 7.784e-08
18900 4311.839750 -3.272e-13 8.014694 -0.000000 71.647289 7.985e-08
19000 4311.838646 -4.257e-12 8.014484 -0.000000 71.642970 8.174e-08
19100 4311.837519 -1.806e-12 8.014276 -0.000000 71.638715 8.350e-08
19200 4311.836370 -3.223e-12 8.014072 -0.000000 71.634522 8.515e-08
19300 4311.835199 -1.730e-12 8.013871 -0.000000 71.630391 8.668e-08
19400 4311.834010 -2.996e-12 8.013672 -0.000000 71.626320 8.811e-08
19500 4311.832803 -3.176e-12 8.013477 -0.000000 71.622308 8.943e-08
19600 4311.831579 6.332e-14 8.013284 -0.000000 71.618354 9.065e-08
19700 4311.830340 -2.822e-12 8.013095 -0.000000 71.614458 9.177e-08
19800 4311.829087 9.346e-13 8.012908 -0.000000 71.610619 9.280e-08
19900 4311.827822 -1.512e-12 8.012724 -0.000000 71.606835 9.374e-08
20000 4311.826545 -2.189e-12 8.012542 -0.000000 71.603106 9.459e-08
20100 4311.825257 -1.833e-12 8.012363 -0.000000 71.599431 9.536e-08
20200 4311.823960 -4.354e-12 8.012187 -0.000000 71.595810 9.605e-08
20300 4311.822655 -2.136e-13 8.012013 -0.000000 71.592240 9.667e-08
20400 4311.821343 -1.660e-12 8.011842 -0.000000 71.588723 9.721e-08
20500 4311.820024 -2.735e-12 8.011674 -0.000000 71.585256 9.768e-08
20600 4311.818700 -3.463e-12 8.011507 -0.000000 71.581839 9.808e-08
20700 4311.817372 -1.768e-12 8.011344 -0.000000 71.578472 9.842e-08
20800 4311.816039 -1.341e-12 8.011182 -0.000000 71.575153 9.870e-08
20900 4311.814704 -2.139e-12 8.011023 -0.000000 71.571882 9.892e-08
21000 4311.813366 -1.939e-12 8.010866 -0.000000 71.568657 9.908e-08
21100 4311.812027 -2.855e-12 8.010712 -0.000000 71.565480 9.919e-08
21200 4311.810687 -2.017e-12 8.010560 -0.000000 71.562348 9.925e-08
21300 4311.809347 -4.087e-13 8.010410 -0.000000 71.559261 9.926e-08
21400 4311.808008 -2.085e-12 8.010262 -0.000000 71.556218 9.922e-08
21500 4311.806670 -1.891e-12 8.010116 -0.000000 71.553219 9.914e-08
21600 4311.805333 -2.644e-12 8.009972 -0.000000 71.550263 9.902e-08
21700 4311.803998 -1.825e-12 8.009830 -0.000000 71.547349 9.885e-08
21800 4311.802666 -2.151e-12 8.009691 -0.000000 71.544477 9.865e-08
21900 4311.801338 -2.048e-12 8.009553 -0.000000 71.541646 9.842e-08
22000 4311.800013 -8.617e-13 8.009418 -0.000000 71.538856 9.815e-08
22100 4311.798692 -2.824e-12 8.009284 -0.000000 71.536105 9.785e-08
22200 4311.797376 -2.534e-12 8.009152 -0.000000 71.533394 9.751e-08
22300 4311.796064 -2.574e-12 8.009022 -0.000000 71.530722 9.715e-08
22400 4311.794758 -2.202e-12 8.008894 -0.000000 71.528088 9.676e-08
22500 4311.793457 -2.410e-12 8.008768 -0.000000 71.525491 9.635e-08
22600 4311.792162 -1.677e-12 8.008643 -0.000000 71.522932 9.591e-08
22700 4311.790874 4.354e-13 8.008521 -0.000000 71.520409 9.545e-08
22800 4311.789592 -4.054e-12 8.008400 -0.000000 71.517922 9.497e-08
22900 4311.788316 -3.013e-12 8.008280 -0.000000 71.515470 9.446e-08
23000 4311.787048 -1.232e-12 8.008163 -0.000000 71.513053 9.394e-08
23100 4311.785787 -2.788e-12 8.008047 -0.000000 71.510671 9.340e-08
23200 4311.784534 -2.914e-12 8.007933 -0.000000 71.508323 9.285e-08
23300 4311.783288 -2.968e-12 8.007820 -0.000000 71.506007 9.228e-08
23400 4311.782050 -1.881e-12 8.007709 -0.000000 71.503725 9.169e-08
23500 4311.780820 -3.693e-13 8.007600 -0.000000 71.501476 9.109e-08
23600 4311.779599 -2.893e-12 8.007492 -0.000000 71.499258 9.048e-08
23700 4311.778386 -1.419e-12 8.007385 -0.000000 71.497072 8.986e-08
23800 4311.777181 -2.860e-12 8.007280 -0.000000 71.494917 8.923e-08
23900 4311.775985 -1.945e-12 8.007177 -0.000000 71.492792 8.859e-08
24000 4311.774798 -2.163e-12 8.007075 -0.000000 71.490697 8.793e-08
24100 4311.773620 -2.084e-12 8.006975 -0.000000 71.488632 8.728e-08
24200 4311.772451 -2.801e-12 8.006875 -0.000000 71.486597 8.661e-08
24300 4311.771291 -1.079e-12 8.006778 -0.000000 71.484590 8.594e-08
24400 4311.770140 -1.686e-12 8.006681 -0.000000 71.482612 8.526e-08
24500 4311.768998 -1.817e-14 8.006586 -0.000000 71.480661 8.457e-08
24600 4311.767865 -2.673e-13 8.006493 -0.000000 71.478738 8.388e-08
24700 4311.766742 -2.553e-12 8.006400 -0.000000 71.476843 8.319e-08
24800 4311.765629 -9.291e-13 8.006309 -0.000000 71.474974 8.249e-08
24900 4311.764525 -3.361e-12 8.006219 -0.000000 71.473131 8.179e-08
25000 4311.763430 -8.040e-13 8.006131 -0.000000 71.471315 8.109e-08
25100 4311.762345 -6.817e-13 8.006044 -0.000000 71.469524 8.038e-08
25200 4311.761269 -2.150e-12 8.005957 -0.000000 71.467758 7.968e-08
25300 4311.760203 -5.609e-12 8.005873 -0.000000 71.466017 7.897e-08
25400 4311.759146 -5.633e-13 8.005789 -0.000000 71.464301 7.826e-08
25500 4311.758099 -3.048e-12 8.005706 -0.000000 71.462609 7.755e-08
25600 4311.757062 -2.353e-12 8.005625 -0.000000 71.460940 7.684e-08
25700 4311.756034 -1.626e-12 8.005545 -0.000000 71.459295 7.613e-08
25800 4311.755016 -2.216e-12 8.005466 -0.000000 71.457674 7.542e-08
25900 4311.754007 -3.567e-12 8.005388 -0.000000 71.456075 7.472e-08
26000 4311.753008 -2.825e-12 8.005311 -0.000000 71.454498 7.401e-08
26100 4311.752019 -1.850e-12 8.005235 -0.000000 71.452944 7.330e-08
26200 4311.751039 2.588e-13 8.005160 -0.000000 71.451411 7.260e-08
26300 4311.750068 -2.801e-12 8.005086 -0.000000 71.449900 7.190e-08
26400 4311.749107 -4.812e-12 8.005013 -0.000000 71.448410 7.120e-08
26500 4311.748155 -3.251e-13 8.004942 -0.000000 71.446941 7.050e-08
26600 4311.747212 -3.227e-12 8.004871 -0.000000 71.445492 6.981e-08
26700 4311.746279 -2.284e-12 8.004801 -0.000000 71.444064 6.912e-08
26800 4311.745356 -6.870e-13 8.004732 -0.000000 71.442656 6.843e-08
26900 4311.744441 -4.674e-12 8.004664 -0.000000 71.441267 6.774e-08
27000 4311.743536 -3.279e-12 8.004597 -0.000000 71.439898 6.706e-08
27100 4311.742640 -3.209e-12 8.004531 -0.000000 71.438548 6.638e-08
27200 4311.741753 -2.359e-12 8.004466 -0.000000 71.437217 6.571e-08
27300 4311.740875 -1.941e-12 8.004402 -0.000000 71.435904 6.503e-08
27400 4311.740006 -2.520e-12 8.004339 -0.000000 71.434610 6.437e-08
27500 4311.739146 -4.646e-12 8.004276 -0.000000 71.433333 6.370e-08
27600 4311.738295 -2.656e-12 8.004215 -0.000000 71.432075 6.304e-08
27700 4311.737453 -3.129e-12 8.004154 -0.000000 71.430834 6.239e-08
27800 4311.736619 -4.921e-12 8.004094 -0.000000 71.429610 6.173e-08
27900 4311.735794 -6.523e-13 8.004035 -0.000000 71.428403 6.109e-08
28000 4311.734978 -3.835e-12 8.003977 -0.000000 71.427213 6.044e-08
28100 4311.734171 -4.602e-12 8.003919 -0.000000 71.426039 5.981e-08
28200 4311.733372 -2.025e-12 8.003863 -0.000000 71.424882 5.917e-08
28300 4311.732582 -2.512e-12 8.003807 -0.000000 71.423741 5.854e-08
28400 4311.731800 -3.935e-12 8.003752 -0.000000 71.422616 5.792e-08
28500 4311.731027 -3.871e-12 8.003697 -0.000000 71.421506 5.730e-08
28600 4311.730261 -4.021e-12 8.003644 -0.000000 71.420412 5.668e-08
28700 4311.729504 -1.856e-12 8.003591 -0.000000 71.419332 5.607e-08
28800 4311.728756 -1.174e-12 8.003539 -0.000000 71.418268 5.547e-08
28900 4311.728015 -2.296e-12 8.003487 -0.000000 71.417219 5.486e-08
29000 4311.727282 -6.925e-13 8.003437 -0.000000 71.416184 5.427e-08
29100 4311.726558 -3.287e-12 8.003387 -0.000000 71.415163 5.368e-08
29200 4311.725841 -5.216e-12 8.003337 -0.000000 71.414156 5.309e-08
29300 4311.725132 -3.115e-12 8.003289 -0.000000 71.413163 5.251e-08
29400 4311.724431 -3.203e-12 8.003241 -0.000000 71.412184 5.193e-08
29500 4311.723738 -1.149e-12 8.003193 -0.000000 71.411219 5.136e-08
29600 4311.723052 -4.896e-12 8.003147 -0.000000 71.410267 5.080e-08
29700 4311.722374 -3.747e-12 8.003100 -0.000000 71.409327 5.023e-08
29800 4311.721703 5.439e-13 8.003055 -0.000000 71.408401 4.968e-08
29900 4311.721040 -2.968e-12 8.003010 -0.000000 71.407488 4.913e-08
30000 4311.720384 8.952e-13 8.002966 -0.000000 71.406587 4.858e-08
30100 4311.719736 -3.108e-12 8.002922 -0.000000 71.405698 4.804e-08
30200 4311.719094 -4.180e-12 8.002879 -0.000000 71.404822 4.750e-08
30300 4311.718460 -5.513e-12 8.002837 -0.000000 71.403958 4.697e-08
30400 4311.717833 -1.362e-12 8.002795 -0.000000 71.403105 4.644e-08
30500 4311.717213 -2.103e-12 8.002754 -0.000000 71.402265 4.592e-08
30600 4311.716600 -1.516e-12 8.002713 -0.000000 71.401436 4.540e-08
30700 4311.715994 -2.923e-12 8.002673 -0.000000 71.400618 4.489e-08
30800 4311.715395 -3.965e-12 8.002633 -0.000000 71.399811 4.438e-08
30900 4311.714803 -2.064e-12 8.002594 -0.000000 71.399016 4.388e-08
31000 4311.714217 -2.543e-12 8.002556 -0.000000 71.398231 4.338e-08
31100 4311.713638 -3.303e-13 8.002518 -0.000000 71.397457 4.289e-08
31200 4311.713066 -8.052e-13 8.002480 -0.000000 71.396694 4.240e-08
31300 4311.712500 -1.387e-12 8.002443 -0.000000 71.395941 4.192e-08
31400 4311.711940 -1.923e-12 8.002407 -0.000000 71.395198 4.144e-08
31500 4311.711387 -3.792e-12 8.002371 -0.000000 71.394465 4.097e-08
31600 4311.710841 -3.530e-13 8.002335 -0.000000 71.393743 4.050e-08
31700 4311.710300 -4.041e-12 8.002300 -0.000000 71.393030 4.003e-08
31800 4311.709766 -3.682e-12 8.002266 -0.000000 71.392327 3.957e-08
31900 4311.709238 -3.539e-12 8.002232 -0.000000 71.391634 3.912e-08
32000 4311.708716 -2.494e-12 8.002198 -0.000000 71.390950 3.867e-08
32100 4311.708200 -5.378e-13 8.002165 -0.000000 71.390275 3.822e-08
32200 4311.707690 -1.368e-12 8.002132 -0.000000 71.389610 3.778e-08
32300 4311.707186 -2.324e-12 8.002100 -0.000000 71.388954 3.734e-08
32400 4311.706688 7.822e-13 8.002068 -0.000000 71.388306 3.691e-08
32500 4311.706195 -3.089e-12 8.002037 -0.000000 71.387668 3.648e-08
32600 4311.705708 -4.293e-12 8.002006 -0.000000 71.387038 3.606e-08
32700 4311.705227 -9.712e-13 8.001975 -0.000000 71.386416 3.564e-08
32800 4311.704752 -4.200e-12 8.001945 -0.000000 71.385803 3.522e-08
32900 4311.704282 -2.879e-12 8.001915 -0.000000 71.385199 3.481e-08
33000 4311.703817 -7.631e-13 8.001886 -0.000000 71.384602 3.441e-08
33100 4311.703358 -4.402e-12 8.001857 -0.000000 71.384014 3.401e-08
33200 4311.702904 -2.028e-12 8.001828 -0.000000 71.383433 3.361e-08
33300 4311.702456 -3.481e-12 8.001800 -0.000000 71.382861 3.321e-08
33400 4311.702013 -4.419e-12 8.001772 -0.000000 71.382296 3.283e-08
33500 4311.701575 -2.710e-12 8.001745 -0.000000 71.381739 3.244e-08
33600 4311.701142 -2.893e-12 8.001718 -0.000000 71.381189 3.206e-08
33700 4311.700714 -4.092e-12 8.001691 -0.000000 71.380647 3.168e-08
33800 4311.700292 -1.674e-12 8.001665 -0.000000 71.380112 3.131e-08
33900 4311.699874 -3.279e-12 8.001639 -0.000000 71.379585 3.094e-08
34000 4311.699461 -3.461e-12 8.001613 -0.000000 71.379064 3.058e-08
34100 4311.699053 -2.448e-12 8.001588 -0.000000 71.378551 3.021e-08
34200 4311.698650 -4.256e-12 8.001563 -0.000000 71.378044 2.986e-08
34300 4311.698252 -1.544e-12 8.001538 -0.000000 71.377544 2.950e-08
34400 4311.697858 -1.267e-12 8.001514 -0.000000 71.377051 2.915e-08
34500 4311.697469 -2.845e-12 8.001490 -0.000000 71.376565 2.881e-08
34600 4311.697085 -4.137e-12 8.001466 -0.000000 71.376085 2.847e-08
34700 4311.696705 -3.211e-12 8.001443 -0.000000 71.375612 2.813e-08
34800 4311.696330 -2.286e-12 8.001420 -0.000000 71.375145 2.779e-08
34900 4311.695959 -1.689e-12 8.001397 -0.000000 71.374684 2.746e-08
35000 4311.695593 -1.890e-12 8.001375 -0.000000 71.374230 2.714e-08
35100 4311.695231 -2.442e-12 8.001353 -0.000000 71.373781 2.681e-08
35200 4311.694873 -4.577e-12 8.001331 -0.000000 71.373339 2.649e-08
35300 4311.694520 -4.237e-12 8.001310 -0.000000 71.372903 2.618e-08
35400 4311.694171 -3.510e-12 8.001288 -0.000000 71.372472 2.586e-08
35500 4311.693826 -3.582e-12 8.001267 -0.000000 71.372048 2.555e-08
35600 4311.693485 -2.104e-12 8.001247 -0.000000 71.371629 2.525e-08
35700 4311.693148 -3.874e-12 8.001226 -0.000000 71.371215 2.495e-08
35800 4311.692815 -2.073e-12 8.001206 -0.000000 71.370807 2.465e-08
35900 4311.692487 -3.574e-12 8.001186 -0.000000 71.370405 2.435e-08
36000 4311.692162 -2.140e-12 8.001167 -0.000000 71.370008 2.406e-08
36100 4311.691841 -1.118e-12 8.001148 -0.000000 71.369616 2.377e-08
36200 4311.691524 -2.596e-12 8.001129 -0.000000 71.369230 2.348e-08
36300 4311.691211 -2.185e-12 8.001110 -0.000000 71.368849 2.320e-08
36400 4311.690901 -3.890e-12 8.001091 -0.000000 71.368472 2.292e-08
36500 4311.690596 -3.651e-12 8.001073 -0.000000 71.368101 2.265e-08
36600 4311.690294 -2.133e-12 8.001055 -0.000000 71.367735 2.237e-08
36700 4311.689995 -2.362e-12 8.001037 -0.000000 71.367374 2.210e-08
36800 4311.689700 -2.631e-12 8.001019 -0.000000 71.367017 2.183e-08
36900 4311.689409 -1.725e-12 8.001002 -0.000000 71.366666 2.157e-08
37000 4311.689122 -3.567e-12 8.000985 -0.000000 71.366319 2.131e-08
37100 4311.688837 -1.716e-12 8.000968 -0.000000 71.365977 2.105e-08
37200 4311.688557 -2.317e-12 8.000951 -0.000000 71.365639 2.080e-08
37300 4311.688279 -2.113e-12 8.000935 -0.000000 71.365306 2.054e-08
37400 4311.688005 -2.491e-12 8.000919 -0.000000 71.364977 2.030e-08
37500 4311.687735 -3.117e-12 8.000903 -0.000000 71.364652 2.005e-08
37600 4311.687467 -4.314e-13 8.000887 -0.000000 71.364332 1.981e-08
37700 4311.687203 -1.401e-12 8.000871 -0.000000 71.364017 1.956e-08
37800 4311.686942 -3.814e-12 8.000856 -0.000000 71.363705 1.933e-08
37900 4311.686684 -2.571e-12 8.000841 -0.000000 71.363398 1.909e-08
38000 4311.686430 -2.006e-12 8.000826 -0.000000 71.363094 1.886e-08
38100 4311.686178 -2.539e-12 8.000811 -0.000000 71.362795 1.863e-08
38200 4311.685930 -4.135e-12 8.000796 -0.000000 71.362500 1.840e-08
38300 4311.685685 -3.407e-12 8.000782 -0.000000 71.362208 1.818e-08
38400 4311.685442 -2.766e-12 8.000768 -0.000000 71.361921 1.796e-08
38500 4311.685203 -6.763e-13 8.000754 -0.000000 71.361637 1.774e-08
38600 4311.684966 -1.458e-12 8.000740 -0.000000 71.361357 1.752e-08
38700 4311.684732 -3.597e-12 8.000726 -0.000000 71.361081 1.731e-08
38800 4311.684502 -3.238e-12 8.000713 -0.000000 71.360808 1.709e-08
38900 4311.684274 -4.755e-12 8.000700 -0.000000 71.360539 1.689e-08
39000 4311.684049 -1.163e-12 8.000687 -0.000000 71.360274 1.668e-08
39100 4311.683826 -3.674e-12 8.000674 -0.000000 71.360012 1.647e-08
39200 4311.683607 -5.267e-12 8.000661 -0.000000 71.359754 1.627e-08
39300 4311.683390 -2.972e-12 8.000648 -0.000000 71.359499 1.607e-08
39400 4311.683175 -4.033e-12 8.000636 -0.000000 71.359248 1.588e-08
39500 4311.682964 -4.485e-12 8.000624 -0.000000 71.358999 1.568e-08
39600 4311.682754 -3.856e-12 8.000612 -0.000000 71.358755 1.549e-08
39700 4311.682548 -4.436e-12 8.000600 -0.000000 71.358513 1.530e-08
39800 4311.682344 -3.150e-12 8.000588 -0.000000 71.358275 1.511e-08
39900 4311.682142 -2.351e-12 8.000576 -0.000000 71.358039 1.492e-08
40000 4311.681944 -2.944e-12 8.000565 -0.000000 71.357807 1.474e-08
40100 4311.681747 -1.937e-12 8.000553 -0.000000 71.357578 1.456e-08
40200 4311.681553 -1.935e-12 8.000542 -0.000000 71.357352 1.438e-08
40300 4311.681361 -4.115e-12 8.000531 -0.000000 71.357129 1.420e-08
40400 4311.681172 -4.281e-12 8.000520 -0.000000 71.356909 1.403e-08
40500 4311.680985 -3.039e-12 8.000510 -0.000000 71.356692 1.385e-08
40600 4311.680800 -2.914e-12 8.000499 -0.000000 71.356477 1.368e-08
40700 4311.680618 -2.245e-12 8.000489 -0.000000 71.356266 1.351e-08
40800 4311.680437 -3.267e-12 8.000478 -0.000000 71.356057 1.335e-08
40900 4311.680259 -3.288e-13 8.000468 -0.000000 71.355851 1.318e-08
41000 4311.680084 -3.041e-12 8.000458 -0.000000 71.355648 1.302e-08
41100 4311.679910 -2.340e-12 8.000448 -0.000000 71.355448 1.286e-08
41200 4311.679739 -1.741e-12 8.000438 -0.000000 71.355250 1.270e-08
41300 4311.679569 -1.733e-12 8.000429 -0.000000 71.355055 1.254e-08
41400 4311.679402 -3.322e-12 8.000419 -0.000000 71.354862 1.239e-08
41500 4311.679237 -2.993e-12 8.000410 -0.000000 71.354672 1.223e-08
41600 4311.679074 -4.440e-12 8.000401 -0.000000 71.354484 1.208e-08
41700 4311.678913 -2.433e-12 8.000391 -0.000000 71.354299 1.193e-08
41800 4311.678754 -3.175e-12 8.000382 -0.000000 71.354117 1.179e-08
41900 4311.678596 -4.061e-12 8.000373 -0.000000 71.353936 1.164e-08
42000 4311.678441 -3.900e-12 8.000365 -0.000000 71.353758 1.149e-08
42100 4311.678288 -3.819e-12 8.000356 -0.000000 71.353583 1.135e-08
42200 4311.678137 -2.470e-12 8.000347 -0.000000 71.353410 1.121e-08
42300 4311.677987 -2.827e-12 8.000339 -0.000000 71.353239 1.107e-08
42400 4311.677840 -3.729e-12 8.000331 -0.000000 71.353070 1.093e-08
42500 4311.677694 -3.532e-12 8.000322 -0.000000 71.352904 1.080e-08
42600 4311.677550 -3.677e-12 8.000314 -0.000000 71.352739 1.066e-08
42700 4311.677408 -3.057e-12 8.000306 -0.000000 71.352577 1.053e-08
42800 4311.677267 -2.527e-12 8.000298 -0.000000 71.352417 1.040e-08
42900 4311.677129 -3.588e-12 8.000291 -0.000000 71.352259 1.027e-08
43000 4311.676992 -2.040e-13 8.000283 -0.000000 71.352104 1.014e-08
43100 4311.676856 -3.291e-12 8.000275 -0.000000 71.351950 1.002e-08
43200 4311.676723 -3.036e-12 8.000268 -0.000000 71.351798 9.893e-09
43300 4311.676591 -3.188e-12 8.000260 -0.000000 71.351648 9.769e-09
43400 4311.676461 -4.909e-12 8.000253 -0.000000 71.351501 9.648e-09
43500 4311.676332 -3.385e-12 8.000246 -0.000000 71.351355 9.528e-09
43600 4311.676205 -1.618e-12 8.000239 -0.000000 71.351211 9.409e-09
43700 4311.676080 -2.073e-12 8.000232 -0.000000 71.351069 9.291e-09
43800 4311.675956 -3.174e-12 8.000225 -0.000000 71.350929 9.176e-09
43900 4311.675833 -2.135e-12 8.000218 -0.000000 71.350791 9.061e-09
44000 4311.675713 -3.046e-12 8.000211 -0.000000 71.350654 8.948e-09
44100 4311.675593 -3.041e-12 8.000204 -0.000000 71.350519 8.836e-09
44200 4311.675476 -3.393e-12 8.000198 -0.000000 71.350387 8.726e-09
44300 4311.675359 -1.980e-12 8.000191 -0.000000 71.350255 8.617e-09
44400 4311.675244 -2.917e-12 8.000185 -0.000000 71.350126 8.509e-09
44500 4311.675131 -3.721e-12 8.000179 -0.000000 71.349998 8.403e-09
44600 4311.675019 -3.742e-12 8.000172 -0.000000 71.349872 8.298e-09
44700 4311.674908 -4.627e-12 8.000166 -0.000000 71.349748 8.194e-09
44800 4311.674799 -1.297e-12 8.000160 -0.000000 71.349625 8.092e-09
44900 4311.674691 -4.236e-12 8.000154 -0.000000 71.349504 7.991e-09
45000 4311.674585 -3.246e-12 8.000148 -0.000000 71.349384 7.891e-09
45100 4311.674479 -5.126e-12 8.000142 -0.000000 71.349266 7.792e-09
45200 4311.674376 -1.703e-12 8.000137 -0.000000 71.349150 7.695e-09
45300 4311.674273 -4.376e-12 8.000131 -0.000000 71.349035 7.598e-09
45400 4311.674172 -5.381e-12 8.000125 -0.000000 71.348921 7.503e-09
45500 4311.674072 -5.356e-12 8.000120 -0.000000 71.348810 7.409e-09
45600 4311.673973 -3.623e-12 8.000114 -0.000000 71.348699 7.316e-09
45700 4311.673875 -2.110e-12 8.000109 -0.000000 71.348590 7.225e-09
45800 4311.673779 -5.674e-12 8.000104 -0.000000 71.348483 7.134e-09
45900 4311.673684 -2.749e-12 8.000098 -0.000000 71.348376 7.045e-09
46000 4311.673590 -3.213e-12 8.000093 -0.000000 71.348272 6.956e-09
46100 4311.673497 -1.616e-12 8.000088 -0.000000 71.348168 6.869e-09
46200 4311.673406 -4.153e-12 8.000083 -0.000000 71.348066 6.783e-09
46300 4311.673315 -3.811e-12 8.000078 -0.000000 71.347965 6.698e-09
46400 4311.673226 -3.141e-12 8.000073 -0.000000 71.347866 6.614e-09
46500 4311.673138 -4.693e-12 8.000068 -0.000000 71.347768 6.531e-09
46600 4311.673051 -3.122e-12 8.000063 -0.000000 71.347671 6.449e-09
46700 4311.672965 -4.215e-12 8.000059 -0.000000 71.347575 6.368e-09
46800 4311.672880 -2.331e-12 8.000054 -0.000000 71.347481 6.288e-09
46900 4311.672796 -4.099e-12 8.000049 -0.000000 71.347388 6.209e-09
47000 4311.672713 -3.395e-12 8.000045 -0.000000 71.347296 6.131e-09
47100 4311.672632 -4.588e-12 8.000040 -0.000000 71.347206 6.054e-09
47200 4311.672551 -1.541e-12 8.000036 -0.000000 71.347116 5.978e-09
47300 4311.672471 -2.862e-12 8.000032 -0.000000 71.347028 5.903e-09
47400 4311.672392 -2.105e-12 8.000027 -0.000000 71.346941 5.829e-09
47500 4311.672315 -2.954e-12 8.000023 -0.000000 71.346855 5.756e-09
47600 4311.672238 -1.390e-12 8.000019 -0.000000 71.346770 5.683e-09
47700 4311.672162 -3.998e-12 8.000015 -0.000000 71.346686 5.612e-09
47800 4311.672087 -1.855e-12 8.000011 -0.000000 71.346603 5.541e-09
47900 4311.672014 -4.295e-12 8.000006 -0.000000 71.346522 5.471e-09
48000 4311.671941 -2.787e-12 8.000002 -0.000000 71.346441 5.403e-09
48100 4311.671869 -6.194e-12 7.999999 -0.000000 71.346362 5.335e-09
48200 4311.671798 -3.827e-12 7.999995 -0.000000 71.346283 5.268e-09
48300 4311.671727 -4.796e-12 7.999991 -0.000000 71.346206 5.201e-09
48400 4311.671658 -2.973e-12 7.999987 -0.000000 71.346130 5.136e-09
48500 4311.671590 -2.221e-12 7.999983 -0.000000 71.346054 5.071e-09
48600 4311.671522 -1.855e-12 7.999980 -0.000000 71.345980 5.007e-09
48700 4311.671455 -3.630e-12 7.999976 -0.000000 71.345906 4.944e-09
48800 4311.671389 -2.992e-12 7.999972 -0.000000 71.345834 4.882e-09
48900 4311.671324 -4.841e-12 7.999969 -0.000000 71.345762 4.820e-09
49000 4311.671260 -3.577e-12 7.999965 -0.000000 71.345692 4.760e-09
49100 4311.671197 -3.920e-12 7.999962 -0.000000 71.345622 4.700e-09
49200 4311.671134 -1.489e-12 7.999958 -0.000000 71.345553 4.640e-09
49300 4311.671072 -3.236e-12 7.999955 -0.000000 71.345485 4.582e-09
49400 4311.671011 -1.990e-12 7.999952 -0.000000 71.345418 4.524e-09
49500 4311.670951 -2.669e-12 7.999949 -0.000000 71.345352 4.467e-09
49600 4311.670891 -1.747e-12 7.999945 -0.000000 71.345287 4.411e-09
49700 4311.670832 -4.233e-12 7.999942 -0.000000 71.345222 4.355e-09
49800 4311.670774 -3.934e-12 7.999939 -0.000000 71.345159 4.300e-09
49900 4311.670717 -2.344e-12 7.999936 -0.000000 71.345096 4.246e-09
50000 4311.670660 -5.485e-12 7.999933 -0.000000 71.345034 4.192e-09
50100 4311.670604 -4.439e-12 7.999930 -0.000000 71.344973 4.140e-09
50200 4311.670549 -2.326e-12 7.999927 -0.000000 71.344913 4.087e-09
50300 4311.670495 -1.271e-12 7.999924 -0.000000 71.344853 4.036e-09
50400 4311.670441 -2.467e-12 7.999921 -0.000000 71.344794 3.985e-09
50500 4311.670388 -3.480e-12 7.999918 -0.000000 71.344736 3.935e-09
50600 4311.670335 -1.861e-12 7.999915 -0.000000 71.344679 3.885e-09
50700 4311.670284 -5.158e-12 7.999912 -0.000000 71.344623 3.836e-09
50800 4311.670233 -3.505e-12 7.999910 -0.000000 71.344567 3.787e-09
50900 4311.670182 -3.753e-12 7.999907 -0.000000 71.344512 3.740e-09
51000 4311.670132 -3.733e-12 7.999904 -0.000000 71.344458 3.692e-09
51100 4311.670083 -2.422e-12 7.999902 -0.000000 71.344404 3.646e-09
51200 4311.670034 -2.893e-12 7.999899 -0.000000 71.344351 3.600e-09
51300 4311.669986 -5.646e-12 7.999896 -0.000000 71.344299 3.554e-09
51400 4311.669939 -3.667e-12 7.999894 -0.000000 71.344247 3.509e-09
51500 4311.669892 -5.404e-12 7.999891 -0.000000 71.344196 3.465e-09
51600 4311.669846 -2.791e-12 7.999889 -0.000000 71.344146 3.421e-09
51700 4311.669800 -5.345e-12 7.999886 -0.000000 71.344097 3.378e-09
51800 4311.669755 -3.410e-12 7.999884 -0.000000 71.344048 3.335e-09
51900 4311.669711 -3.241e-12 7.999881 -0.000000 71.343999 3.293e-09
52000 4311.669667 -4.285e-12 7.999879 -0.000000 71.343952 3.251e-09
52100 4311.669624 -3.775e-12 7.999877 -0.000000 71.343905 3.210e-09
52200 4311.669581 -3.869e-12 7.999874 -0.000000 71.343858 3.170e-09
52300 4311.669539 -3.595e-12 7.999872 -0.000000 71.343812 3.130e-09
52400 4311.669497 -3.280e-12 7.999870 -0.000000 71.343767 3.090e-09
52500 4311.669456 -2.115e-12 7.999868 -0.000000 71.343723 3.051e-09
52600 4311.669415 -3.722e-12 7.999866 -0.000000 71.343679 3.012e-09
52700 4311.669375 -3.129e-12 7.999863 -0.000000 71.343635 2.974e-09
52800 4311.669335 -4.434e-12 7.999861 -0.000000 71.343592 2.937e-09
52900 4311.669296 -2.588e-12 7.999859 -0.000000 71.343550 2.899e-09
53000 4311.669258 -4.742e-12 7.999857 -0.000000 71.343508 2.863e-09
53100 4311.669219 -3.331e-12 7.999855 -0.000000 71.343467 2.826e-09
53200 4311.669182 -3.963e-12 7.999853 -0.000000 71.343426 2.791e-09
53300 4311.669145 -2.994e-12 7.999851 -0.000000 71.343386 2.755e-09
53400 4311.669108 -3.232e-12 7.999849 -0.000000 71.343346 2.720e-09
53500 4311.669072 -4.819e-12 7.999847 -0.000000 71.343307 2.686e-09
53600 4311.669036 -2.936e-12 7.999845 -0.000000 71.343268 2.652e-09
53700 4311.669000 -4.132e-12 7.999843 -0.000000 71.343230 2.618e-09
53800 4311.668965 -2.925e-12 7.999841 -0.000000 71.343192 2.585e-09
53900 4311.668931 -1.845e-12 7.999840 -0.000000 71.343155 2.552e-09
54000 4311.668897 -4.647e-12 7.999838 -0.000000 71.343118 2.520e-09
54100 4311.668863 -2.315e-12 7.999836 -0.000000 71.343082 2.488e-09
54200 4311.668830 -3.244e-12 7.999834 -0.000000 71.343047 2.457e-09
54300 4311.668798 -4.500e-12 7.999832 -0.000000 71.343011 2.426e-09
54400 4311.668765 -6.850e-12 7.999831 -0.000000 71.342976 2.395e-09
54500 4311.668733 -4.519e-13 7.999829 -0.000000 71.342942 2.364e-09
54600 4311.668702 -2.756e-12 7.999827 -0.000000 71.342908 2.335e-09
54700 4311.668671 -4.870e-12 7.999826 -0.000000 71.342875 2.305e-09
54800 4311.668640 -4.596e-12 7.999824 -0.000000 71.342842 2.276e-09
54900 4311.668610 -4.520e-12 7.999822 -0.000000 71.342809 2.247e-09
55000 4311.668580 -3.489e-12 7.999821 -0.000000 71.342777 2.218e-09
55100 4311.668550 -2.840e-12 7.999819 -0.000000 71.342745 2.190e-09
55200 4311.668521 -2.596e-12 7.999818 -0.000000 71.342714 2.162e-09
55300 4311.668492 -4.340e-12 7.999816 -0.000000 71.342683 2.135e-09
55400 4311.668464 -1.920e-12 7.999815 -0.000000 71.342652 2.108e-09
55500 4311.668435 -3.317e-12 7.999813 -0.000000 71.342622 2.081e-09
55600 4311.668408 -3.310e-12 7.999812 -0.000000 71.342592 2.055e-09
55700 4311.668380 -3.357e-12 7.999810 -0.000000 71.342563 2.029e-09
55800 4311.668353 -3.681e-12 7.999809 -0.000000 71.342534 2.003e-09
55900 4311.668327 -3.037e-12 7.999807 -0.000000 71.342505 1.978e-09
56000 4311.668300 -3.494e-12 7.999806 -0.000000 71.342477 1.953e-09
56100 4311.668274 -3.008e-12 7.999805 -0.000000 71.342449 1.928e-09
56200 4311.668249 -5.160e-12 7.999803 -0.000000 71.342421 1.903e-09
56300 4311.668223 -5.075e-12 7.999802 -0.000000 71.342394 1.879e-09
56400 4311.668198 -4.482e-12 7.999800 -0.000000 71.342367 1.855e-09
56500 4311.668173 -3.112e-12 7.999799 -0.000000 71.342341 1.832e-09
56600 4311.668149 -4.285e-12 7.999798 -0.000000 71.342315 1.809e-09
56700 4311.668125 -5.667e-12 7.999797 -0.000000 71.342289 1.786e-09
56800 4311.668101 -2.823e-12 7.999795 -0.000000 71.342263 1.763e-09
56900 4311.668078 -3.671e-12 7.999794 -0.000000 71.342238 1.741e-09
57000 4311.668054 -4.784e-12 7.999793 -0.000000 71.342213 1.718e-09
57100 4311.668031 -3.941e-12 7.999792 -0.000000 71.342189 1.697e-09
57200 4311.668009 -4.446e-12 7.999790 -0.000000 71.342165 1.675e-09
57300 4311.667987 -4.845e-12 7.999789 -0.000000 71.342141 1.654e-09
57400 4311.667964 -4.689e-12 7.999788 -0.000000 71.342117 1.633e-09
57500 4311.667943 -2.335e-12 7.999787 -0.000000 71.342094 1.612e-09
57600 4311.667921 -3.478e-12 7.999786 -0.000000 71.342071 1.592e-09
57700 4311.667900 -3.140e-12 7.999785 -0.000000 71.342049 1.571e-09
57800 4311.667879 -3.091e-12 7.999784 -0.000000 71.342026 1.551e-09
57900 4311.667858 -5.813e-12 7.999782 -0.000000 71.342004 1.532e-09
58000 4311.667838 -4.985e-12 7.999781 -0.000000 71.341982 1.512e-09
58100 4311.667818 -4.544e-12 7.999780 -0.000000 71.341961 1.493e-09
58200 4311.667798 -4.965e-12 7.999779 -0.000000 71.341940 1.474e-09
58300 4311.667778 -3.966e-12 7.999778 -0.000000 71.341919 1.455e-09
58400 4311.667759 -5.447e-12 7.999777 -0.000000 71.341898 1.437e-09
58500 4311.667740 -3.598e-12 7.999776 -0.000000 71.341878 1.419e-09
58600 4311.667721 -8.486e-13 7.999775 -0.000000 71.341857 1.401e-09
58700 4311.667702 -3.822e-12 7.999774 -0.000000 71.341838 1.383e-09
58800 4311.667684 -6.359e-12 7.999773 -0.000000 71.341818 1.365e-09
58900 4311.667666 -3.892e-12 7.999772 -0.000000 71.341799 1.348e-09
59000 4311.667648 -6.393e-12 7.999771 -0.000000 71.341779 1.331e-09
59100 4311.667630 -3.925e-12 7.999770 -0.000000 71.341761 1.314e-09
59200 4311.667612 -2.753e-12 7.999769 -0.000000 71.341742 1.297e-09
59300 4311.667595 -3.703e-12 7.999769 -0.000000 71.341723 1.281e-09
59400 4311.667578 -4.891e-12 7.999768 -0.000000 71.341705 1.264e-09
59500 4311.667561 -4.005e-12 7.999767 -0.000000 71.341687 1.248e-09
59600 4311.667544 -4.458e-12 7.999766 -0.000000 71.341670 1.232e-09
59700 4311.667528 -5.259e-12 7.999765 -0.000000 71.341652 1.217e-09
59800 4311.667512 -3.253e-12 7.999764 -0.000000 71.341635 1.201e-09
59900 4311.667496 -5.717e-12 7.999763 -0.000000 71.341618 1.186e-09
60000 4311.667480 -4.711e-12 7.999762 -0.000000 71.341601 1.171e-09
60100 4311.667464 -3.155e-12 7.999762 -0.000000 71.341585 1.156e-09
60200 4311.667449 -5.201e-12 7.999761 -0.000000 71.341568 1.141e-09
60300 4311.667434 -4.463e-12 7.999760 -0.000000 71.341552 1.127e-09
60400 4311.667419 -3.471e-12 7.999759 -0.000000 71.341536 1.113e-09
60500 4311.667404 -2.773e-12 7.999758 -0.000000 71.341520 1.098e-09
60600 4311.667389 -3.460e-12 7.999758 -0.000000 71.341505 1.084e-09
60700 4311.667375 -3.106e-12 7.999757 -0.000000 71.341490 1.071e-09
60800 4311.667361 -2.510e-12 7.999756 -0.000000 71.341474 1.057e-09
60900 4311.667346 -5.554e-12 7.999755 -0.000000 71.341460 1.044e-09
61000 4311.667333 -3.441e-12 7.999755 -0.000000 71.341445 1.030e-09
61100 4311.667319 -3.587e-12 7.999754 -0.000000 71.341430 1.017e-09
61200 4311.667305 -3.859e-12 7.999753 -0.000000 71.341416 1.004e-09
61300 4311.667292 -2.742e-12 7.999753 -0.000000 71.341402 9.915e-10
61400 4311.667279 -3.922e-12 7.999752 -0.000000 71.341388 9.788e-10
61500 4311.667266 -4.170e-12 7.999751 -0.000000 71.341374 9.664e-10
61600 4311.667253 -2.062e-12 7.999750 -0.000000 71.341360 9.541e-10
61700 4311.667240 -5.721e-12 7.999750 -0.000000 71.341347 9.420e-10
61800 4311.667227 -2.373e-12 7.999749 -0.000000 71.341333 9.300e-10
61900 4311.667215 -3.640e-12 7.999748 -0.000000 71.341320 9.181e-10
62000 4311.667203 -5.240e-12 7.999748 -0.000000 71.341307 9.064e-10
62100 4311.667191 -2.631e-12 7.999747 -0.000000 71.341295 8.949e-10
62200 4311.667179 -2.744e-12 7.999747 -0.000000 71.341282 8.835e-10
62300 4311.667167 -5.052e-12 7.999746 -0.000000 71.341270 8.723e-10
62400 4311.667155 -3.149e-12 7.999745 -0.000000 71.341257 8.612e-10
62500 4311.667144 -3.409e-12 7.999745 -0.000000 71.341245 8.502e-10
62600 4311.667133 -4.943e-12 7.999744 -0.000000 71.341233 8.394e-10
62700 4311.667121 -3.796e-12 7.999744 -0.000000 71.341221 8.287e-10
62800 4311.667110 -5.267e-12 7.999743 -0.000000 71.341210 8.182e-10
62900 4311.667099 -3.357e-12 7.999742 -0.000000 71.341198 8.077e-10
63000 4311.667089 -3.144e-12 7.999742 -0.000000 71.341187 7.975e-10
63100 4311.667078 -5.077e-12 7.999741 -0.000000 71.341175 7.873e-10
63200 4311.667068 -4.590e-12 7.999741 -0.000000 71.341164 7.773e-10
63300 4311.667057 -3.443e-12 7.999740 -0.000000 71.341153 7.674e-10
63400 4311.667047 -4.982e-12 7.999740 -0.000000 71.341143 7.576e-10
63500 4311.667037 -3.059e-12 7.999739 -0.000000 71.341132 7.480e-10
63600 4311.667027 -5.103e-12 7.999739 -0.000000 71.341121 7.385e-10
63700 4311.667017 -6.439e-12 7.999738 -0.000000 71.341111 7.290e-10
63800 4311.667007 -6.684e-12 7.999738 -0.000000 71.341101 7.198e-10
63900 4311.666998 -4.395e-12 7.999737 -0.000000 71.341091 7.106e-10
64000 4311.666988 -3.197e-13 7.999737 -0.000000 71.341081 7.016e-10
64100 4311.666979 -3.284e-12 7.999736 -0.000000 71.341071 6.926e-10
64200 4311.666970 -4.974e-12 7.999736 -0.000000 71.341061 6.838e-10
64300 4311.666961 -2.013e-12 7.999735 -0.000000 71.341052 6.751e-10
64400 4311.666952 -7.420e-12 7.999735 -0.000000 71.341042 6.665e-10
64500 4311.666943 -4.648e-12 7.999734 -0.000000 71.341033 6.580e-10
64600 4311.666934 -2.987e-12 7.999734 -0.000000 71.341023 6.496e-10
64700 4311.666925 -3.476e-12 7.999733 -0.000000 71.341014 6.413e-10
64800 4311.666917 -3.216e-12 7.999733 -0.000000 71.341005 6.332e-10
64900 4311.666908 -2.258e-12 7.999732 -0.000000 71.340996 6.251e-10
65000 4311.666900 -3.325e-12 7.999732 -0.000000 71.340988 6.171e-10
65100 4311.666892 -4.375e-12 7.999732 -0.000000 71.340979 6.093e-10
65200 4311.666884 -5.042e-12 7.999731 -0.000000 71.340970 6.015e-10
65300 4311.666876 -2.599e-12 7.999731 -0.000000 71.340962 5.939e-10
65400 4311.666868 -3.525e-12 7.999730 -0.000000 71.340954 5.863e-10
65500 4311.666860 -5.366e-12 7.999730 -0.000000 71.340945 5.788e-10
65600 4311.666852 -3.337e-12 7.999729 -0.000000 71.340937 5.714e-10
65700 4311.666845 -2.781e-12 7.999729 -0.000000 71.340929 5.642e-10
65800 4311.666837 -4.042e-12 7.999729 -0.000000 71.340921 5.570e-10
65900 4311.666830 -5.392e-12 7.999728 -0.000000 71.340914 5.499e-10
66000 4311.666822 -4.174e-12 7.999728 -0.000000 71.340906 5.429e-10
66100 4311.666815 -1.887e-12 7.999728 -0.000000 71.340898 5.360e-10
66200 4311.666808 -5.139e-12 7.999727 -0.000000 71.340891 5.291e-10
66300 4311.666801 -5.327e-12 7.999727 -0.000000 71.340883 5.224e-10
66400 4311.666794 -4.225e-12 7.999726 -0.000000 71.340876 5.157e-10
66500 4311.666787 -4.582e-12 7.999726 -0.000000 71.340869 5.092e-10
66600 4311.666780 -1.789e-12 7.999726 -0.000000 71.340862 5.027e-10
66700 4311.666774 -1.980e-12 7.999725 -0.000000 71.340855 4.963e-10
66800 4311.666767 -4.222e-12 7.999725 -0.000000 71.340848 4.899e-10
66900 4311.666760 -6.051e-12 7.999725 -0.000000 71.340841 4.837e-10
67000 4311.666754 -3.515e-12 7.999724 -0.000000 71.340834 4.775e-10
67100 4311.666748 -3.144e-12 7.999724 -0.000000 71.340827 4.714e-10
67200 4311.666741 -2.493e-12 7.999724 -0.000000 71.340821 4.654e-10
67300 4311.666735 -2.833e-12 7.999723 -0.000000 71.340814 4.595e-10
67400 4311.666729 -4.466e-12 7.999723 -0.000000 71.340808 4.536e-10
67500 4311.666723 -1.675e-12 7.999723 -0.000000 71.340801 4.479e-10
67600 4311.666717 -3.988e-12 7.999722 -0.000000 71.340795 4.421e-10
67700 4311.666711 -3.141e-12 7.999722 -0.000000 71.340789 4.365e-10
67800 4311.666705 -3.176e-12 7.999722 -0.000000 71.340783 4.309e-10
67900 4311.666700 -5.518e-12 7.999721 -0.000000 71.340777 4.255e-10
68000 4311.666694 -2.694e-12 7.999721 -0.000000 71.340771 4.200e-10
68100 4311.666688 -4.497e-12 7.999721 -0.000000 71.340765 4.147e-10
68200 4311.666683 -3.034e-12 7.999721 -0.000000 71.340759 4.094e-10
68300 4311.666677 -4.072e-12 7.999720 -0.000000 71.340754 4.042e-10
68400 4311.666672 -4.104e-12 7.999720 -0.000000 71.340748 3.990e-10
68500 4311.666667 -3.554e-12 7.999720 -0.000000 71.340742 3.939e-10
68600 4311.666661 -5.694e-12 7.999719 -0.000000 71.340737 3.889e-10
68700 4311.666656 -4.672e-12 7.999719 -0.000000 71.340731 3.839e-10
68800 4311.666651 -5.763e-12 7.999719 -0.000000 71.340726 3.790e-10
68900 4311.666646 -2.072e-12 7.999719 -0.000000 71.340721 3.742e-10
69000 4311.666641 -4.116e-12 7.999718 -0.000000 71.340716 3.694e-10
69100 4311.666636 -3.018e-12 7.999718 -0.000000 71.340710 3.647e-10
69200 4311.666631 -6.488e-13 7.999718 -0.000000 71.340705 3.601e-10
69300 4311.666626 -3.849e-12 7.999718 -0.000000 71.340700 3.555e-10
69400 4311.666622 -5.981e-12 7.999717 -0.000000 71.340695 3.510e-10
69500 4311.666617 -4.514e-12 7.999717 -0.000000 71.340690 3.465e-10
69600 4311.666612 -3.593e-12 7.999717 -0.000000 71.340686 3.421e-10
69700 4311.666608 -5.175e-12 7.999717 -0.000000 71.340681 3.377e-10
69800 4311.666603 -3.446e-12 7.999716 -0.000000 71.340676 3.334e-10
69900 4311.666599 -5.134e-12 7.999716 -0.000000 71.340671 3.291e-10
70000 4311.666594 -4.285e-12 7.999716 -0.000000 71.340667 3.249e-10
70100 4311.666590 -4.781e-12 7.999716 -0.000000 71.340662 3.208e-10
70200 4311.666586 -2.702e-12 7.999716 -0.000000 71.340658 3.167e-10
70300 4311.666582 -1.472e-12 7.999715 -0.000000 71.340653 3.127e-10
70400 4311.666577 -2.144e-12 7.999715 -0.000000 71.340649 3.087e-10
70500 4311.666573 -3.560e-12 7.999715 -0.000000 71.340645 3.047e-10
70600 4311.666569 -4.838e-12 7.999715 -0.000000 71.340640 3.009e-10
70700 4311.666565 -1.686e-12 7.999714 -0.000000 71.340636 2.970e-10
70800 4311.666561 -2.870e-12 7.999714 -0.000000 71.340632 2.932e-10
70900 4311.666557 -2.898e-12 7.999714 -0.000000 71.340628 2.895e-10
71000 4311.666554 -3.880e-12 7.999714 -0.000000 71.340624 2.858e-10
71100 4311.666550 -3.891e-12 7.999714 -0.000000 71.340620 2.821e-10
71200 4311.666546 -3.369e-12 7.999713 -0.000000 71.340616 2.785e-10
71300 4311.666542 -5.329e-12 7.999713 -0.000000 71.340612 2.750e-10
71400 4311.666539 -2.257e-12 7.999713 -0.000000 71.340608 2.715e-10
71500 4311.666535 -5.133e-12 7.999713 -0.000000 71.340605 2.680e-10
71600 4311.666531 -2.896e-12 7.999713 -0.000000 71.340601 2.646e-10
71700 4311.666528 -5.115e-12 7.999713 -0.000000 71.340597 2.612e-10
71800 4311.666524 -3.983e-12 7.999712 -0.000000 71.340594 2.579e-10
71900 4311.666521 -4.398e-12 7.999712 -0.000000 71.340590 2.546e-10
72000 4311.666518 -3.983e-12 7.999712 -0.000000 71.340586 2.514e-10
72100 4311.666514 -4.980e-12 7.999712 -0.000000 71.340583 2.481e-10
72200 4311.666511 -4.148e-12 7.999712 -0.000000 71.340579 2.450e-10
72300 4311.666508 -3.352e-12 7.999711 -0.000000 71.340576 2.419e-10
72400 4311.666504 -2.401e-12 7.999711 -0.000000 71.340573 2.388e-10
72500 4311.666501 -4.028e-12 7.999711 -0.000000 71.340569 2.357e-10
72600 4311.666498 -3.152e-12 7.999711 -0.000000 71.340566 2.327e-10
72700 4311.666495 -4.279e-12 7.999711 -0.000000 71.340563 2.297e-10
72800 4311.666492 -3.210e-12 7.999711 -0.000000 71.340560 2.268e-10
72900 4311.666489 -2.771e-12 7.999711 -0.000000 71.340557 2.239e-10
73000 4311.666486 -5.243e-12 7.999710 -0.000000 71.340553 2.211e-10
73100 4311.666483 -4.705e-12 7.999710 -0.000000 71.340550 2.182e-10
73200 4311.666480 -5.643e-12 7.999710 -0.000000 71.340547 2.155e-10
73300 4311.666477 -2.686e-12 7.999710 -0.000000 71.340544 2.127e-10
73400 4311.666474 -1.973e-12 7.999710 -0.000000 71.340541 2.100e-10
73500 4311.666472 -6.898e-14 7.999710 -0.000000 71.340538 2.073e-10
73600 4311.666469 -5.472e-12 7.999709 -0.000000 71.340536 2.047e-10
73700 4311.666466 -4.421e-12 7.999709 -0.000000 71.340533 2.021e-10
73800 4311.666463 -4.188e-12 7.999709 -0.000000 71.340530 1.995e-10
73900 4311.666461 -3.419e-12 7.999709 -0.000000 71.340527 1.969e-10
74000 4311.666458 -2.269e-12 7.999709 -0.000000 71.340524 1.944e-10
74100 4311.666456 -5.475e-12 7.999709 -0.000000 71.340522 1.919e-10
74200 4311.666453 -6.534e-12 7.999709 -0.000000 71.340519 1.895e-10
74300 4311.666450 -5.334e-12 7.999709 -0.000000 71.340516 1.871e-10
74400 4311.666448 -2.859e-12 7.999708 -0.000000 71.340514 1.847e-10
74500 4311.666445 -1.473e-12 7.999708 -0.000000 71.340511 1.823e-10
74600 4311.666443 -3.186e-12 7.999708 -0.000000 71.340509 1.800e-10
74700 4311.666441 -3.264e-12 7.999708 -0.000000 71.340506 1.777e-10
74800 4311.666438 -4.813e-12 7.999708 -0.000000 71.340504 1.754e-10
74900 4311.666436 -4.228e-12 7.999708 -0.000000 71.340501 1.732e-10
75000 4311.666434 -2.981e-12 7.999708 -0.000000 71.340499 1.710e-10
75100 4311.666431 -5.340e-12 7.999708 -0.000000 71.340496 1.688e-10
75200 4311.666429 -6.043e-12 7.999707 -0.000000 71.340494 1.666e-10
75300 4311.666427 -3.302e-12 7.999707 -0.000000 71.340492 1.645e-10
75400 4311.666425 -5.814e-12 7.999707 -0.000000 71.340490 1.624e-10
75500 4311.666423 -5.456e-12 7.999707 -0.000000 71.340487 1.603e-10
75600 4311.666420 -5.333e-12 7.999707 -0.000000 71.340485 1.583e-10
75700 4311.666418 -4.124e-12 7.999707 -0.000000 71.340483 1.563e-10
75800 4311.666416 -4.124e-12 7.999707 -0.000000 71.340481 1.543e-10
75900 4311.666414 -3.359e-12 7.999707 -0.000000 71.340479 1.523e-10
76000 4311.666412 -3.401e-12 7.999707 -0.000000 71.340476 1.504e-10
76100 4311.666410 -3.058e-12 7.999706 -0.000000 71.340474 1.484e-10
76200 4311.666408 -4.261e-12 7.999706 -0.000000 71.340472 1.465e-10
76300 4311.666406 -3.875e-12 7.999706 -0.000000 71.340470 1.447e-10
76400 4311.666404 -3.368e-12 7.999706 -0.000000 71.340468 1.428e-10
76500 4311.666402 -2.963e-12 7.999706 -0.000000 71.340466 1.410e-10
76600 4311.666400 -3.807e-12 7.999706 -0.000000 71.340464 1.392e-10
76700 4311.666399 -4.566e-12 7.999706 -0.000000 71.340462 1.374e-10
76800 4311.666397 -3.942e-12 7.999706 -0.000000 71.340460 1.357e-10
76900 4311.666395 -4.484e-12 7.999706 -0.000000 71.340459 1.339e-10
77000 4311.666393 -2.577e-12 7.999706 -0.000000 71.340457 1.322e-10
77100 4311.666391 -3.325e-12 7.999705 -0.000000 71.340455 1.305e-10
77200 4311.666390 -4.844e-12 7.999705 -0.000000 71.340453 1.289e-10
77300 4311.666388 -2.551e-12 7.999705 -0.000000 71.340451 1.272e-10
77400 4311.666386 -2.859e-12 7.999705 -0.000000 71.340450 1.256e-10
77500 4311.666385 -4.039e-12 7.999705 -0.000000 71.340448 1.240e-10
77600 4311.666383 -3.422e-12 7.999705 -0.000000 71.340446 1.224e-10
77700 4311.666381 -4.223e-12 7.999705 -0.000000 71.340444 1.209e-10
77800 4311.666380 -2.702e-12 7.999705 -0.000000 71.340443 1.193e-10
77900 4311.666378 -1.660e-12 7.999705 -0.000000 71.340441 1.178e-10
78000 4311.666377 -3.150e-12 7.999705 -0.000000 71.340439 1.163e-10
78100 4311.666375 -2.759e-12 7.999705 -0.000000 71.340438 1.148e-10
78200 4311.666373 -3.213e-12 7.999705 -0.000000 71.340436 1.133e-10
78300 4311.666372 -4.592e-12 7.999704 -0.000000 71.340435 1.119e-10
78400 4311.666370 -4.905e-12 7.999704 -0.000000 71.340433 1.105e-10
78500 4311.666369 -2.628e-12 7.999704 -0.000000 71.340432 1.090e-10
78600 4311.666368 -5.631e-12 7.999704 -0.000000 71.340430 1.077e-10
78700 4311.666366 -4.545e-12 7.999704 -0.000000 71.340429 1.063e-10
78800 4311.666365 -3.882e-12 7.999704 -0.000000 71.340427 1.049e-10
78900 4311.666363 -7.864e-13 7.999704 -0.000000 71.340426 1.036e-10
79000 4311.666362 -5.329e-12 7.999704 -0.000000 71.340424 1.023e-10
79100 4311.666361 -3.785e-12 7.999704 -0.000000 71.340423 1.010e-10
79200 4311.666359 -4.667e-12 7.999704 -0.000000 71.340421 9.967e-11
79300 4311.666358 -4.631e-12 7.999704 -0.000000 71.340420 9.839e-11
79400 4311.666357 -4.190e-12 7.999704 -0.000000 71.340419 9.714e-11
79500 4311.666355 -4.605e-12 7.999704 -0.000000 71.340417 9.590e-11
79600 4311.666354 -4.012e-12 7.999704 -0.000000 71.340416 9.467e-11
79700 4311.666353 -2.771e-12 7.999703 -0.000000 71.340415 9.346e-11
79800 4311.666351 -2.012e-12 7.999703 -0.000000 71.340413 9.227e-11
79900 4311.666350 -1.999e-12 7.999703 -0.000000 71.340412 9.109e-11
80000 4311.666349 -5.016e-12 7.999703 -0.000000 71.340411 8.993e-11
80100 4311.666348 -3.410e-12 7.999703 -0.000000 71.340410 8.878e-11
80200 4311.666347 -5.886e-12 7.999703 -0.000000 71.340408 8.764e-11
80300 4311.666345 -6.637e-12 7.999703 -0.000000 71.340407 8.652e-11
80400 4311.666344 -5.453e-12 7.999703 -0.000000 71.340406 8.542e-11
80500 4311.666343 -4.916e-12 7.999703 -0.000000 71.340405 8.433e-11
80600 4311.666342 -4.670e-12 7.999703 -0.000000 71.340404 8.325e-11
80700 4311.666341 -4.073e-12 7.999703 -0.000000 71.340402 8.219e-11
80800 4311.666340 -3.299e-12 7.999703 -0.000000 71.340401 8.114e-11
80900 4311.666339 -3.818e-12 7.999703 -0.000000 71.340400 8.011e-11
81000 4311.666338 -3.201e-12 7.999703 -0.000000 71.340399 7.908e-11
81100 4311.666337 -5.132e-12 7.999703 -0.000000 71.340398 7.807e-11
81200 4311.666336 -2.388e-12 7.999703 -0.000000 71.340397 7.707e-11
81300 4311.666335 -2.681e-12 7.999703 -0.000000 71.340396 7.609e-11
81400 4311.666334 -1.159e-12 7.999702 -0.000000 71.340395 7.511e-11
81500 4311.666333 -2.140e-12 7.999702 -0.000000 71.340394 7.416e-11
81600 4311.666332 -1.537e-12 7.999702 -0.000000 71.340393 7.321e-11
81700 4311.666331 -5.142e-12 7.999702 -0.000000 71.340392 7.227e-11
81800 4311.666330 -4.857e-12 7.999702 -0.000000 71.340391 7.135e-11
81900 4311.666329 -2.247e-12 7.999702 -0.000000 71.340390 7.044e-11
82000 4311.666328 -6.337e-12 7.999702 -0.000000 71.340389 6.954e-11
82100 4311.666327 -3.577e-12 7.999702 -0.000000 71.340388 6.865e-11
82200 4311.666326 -4.468e-12 7.999702 -0.000000 71.340387 6.778e-11
82300 4311.666325 -4.262e-12 7.999702 -0.000000 71.340386 6.691e-11
82400 4311.666324 -4.573e-12 7.999702 -0.000000 71.340385 6.605e-11
82500 4311.666323 -4.038e-12 7.999702 -0.000000 71.340384 6.521e-11
82600 4311.666322 -5.985e-12 7.999702 -0.000000 71.340383 6.438e-11
82700 4311.666322 -3.531e-12 7.999702 -0.000000 71.340382 6.355e-11
82800 4311.666321 -4.487e-12 7.999702 -0.000000 71.340381 6.274e-11
82900 4311.666320 -3.939e-12 7.999702 -0.000000 71.340381 6.194e-11
83000 4311.666319 -3.755e-12 7.999702 -0.000000 71.340380 6.115e-11
83100 4311.666318 -2.365e-12 7.999702 -0.000000 71.340379 6.037e-11
83200 4311.666317 -4.428e-12 7.999702 -0.000000 71.340378 5.960e-11
83300 4311.666317 -3.564e-12 7.999702 -0.000000 71.340377 5.883e-11
83400 4311.666316 -2.387e-12 7.999702 -0.000000 71.340376 5.809e-11
83500 4311.666315 -3.985e-12 7.999702 -0.000000 71.340376 5.734e-11
83600 4311.666314 -4.082e-12 7.999701 -0.000000 71.340375 5.661e-11
83700 4311.666314 -3.368e-12 7.999701 -0.000000 71.340374 5.589e-11
83800 4311.666313 -4.107e-12 7.999701 -0.000000 71.340373 5.517e-11
83900 4311.666312 -2.967e-12 7.999701 -0.000000 71.340372 5.447e-11
84000 4311.666311 -4.749e-12 7.999701 -0.000000 71.340372 5.377e-11
84100 4311.666311 -4.083e-12 7.999701 -0.000000 71.340371 5.308e-11
84200 4311.666310 -2.243e-12 7.999701 -0.000000 71.340370 5.241e-11
84300 4311.666309 -5.543e-12 7.999701 -0.000000 71.340370 5.173e-11
84400 4311.666308 -4.006e-12 7.999701 -0.000000 71.340369 5.108e-11
84500 4311.666308 -5.304e-12 7.999701 -0.000000 71.340368 5.042e-11
84600 4311.666307 -2.005e-12 7.999701 -0.000000 71.340367 4.978e-11
84700 4311.666306 -3.642e-12 7.999701 -0.000000 71.340367 4.915e-11
84800 4311.666306 -3.670e-12 7.999701 -0.000000 71.340366 4.851e-11
84900 4311.666305 -5.715e-12 7.999701 -0.000000 71.340365 4.790e-11
85000 4311.666305 -3.588e-12 7.999701 -0.000000 71.340365 4.728e-11
85100 4311.666304 -3.763e-12 7.999701 -0.000000 71.340364 4.668e-11
85200 4311.666303 -2.671e-12 7.999701 -0.000000 71.340363 4.608e-11
85300 4311.666303 -4.212e-12 7.999701 -0.000000 71.340363 4.549e-11
85400 4311.666302 -4.518e-12 7.999701 -0.000000 71.340362 4.491e-11
85500 4311.666301 -3.274e-12 7.999701 -0.000000 71.340362 4.434e-11
85600 4311.666301 -3.606e-12 7.999701 -0.000000 71.340361 4.377e-11
85700 4311.666300 -3.714e-12 7.999701 -0.000000 71.340360 4.321e-11
85800 4311.666300 -1.313e-12 7.999701 -0.000000 71.340360 4.266e-11
85900 4311.666299 -2.956e-12 7.999701 -0.000000 71.340359 4.211e-11
86000 4311.666299 -3.022e-12 7.999701 -0.000000 71.340359 4.158e-11
86100 4311.666298 -5.071e-12 7.999701 -0.000000 71.340358 4.105e-11
86200 4311.666297 -3.405e-12 7.999701 -0.000000 71.340357 4.052e-11
86300 4311.666297 -2.030e-12 7.999701 -0.000000 71.340357 4.000e-11
86400 4311.666296 -3.486e-12 7.999701 -0.000000 71.340356 3.949e-11
86500 4311.666296 -2.253e-12 7.999701 -0.000000 71.340356 3.899e-11
86600 4311.666295 -4.040e-12 7.999701 -0.000000 71.340355 3.849e-11
86700 4311.666295 -2.806e-12 7.999700 -0.000000 71.340355 3.800e-11
86800 4311.666294 -3.022e-12 7.999700 -0.000000 71.340354 3.751e-11
86900 4311.666294 -3.512e-12 7.999700 -0.000000 71.340354 3.703e-11
87000 4311.666293 -4.635e-12 7.999700 -0.000000 71.340353 3.656e-11
87100 4311.666293 -4.427e-12 7.999700 -0.000000 71.340353 3.609e-11
87200 4311.666292 -5.240e-12 7.999700 -0.000000 71.340352 3.563e-11
87300 4311.666292 -4.065e-12 7.999700 -0.000000 71.340352 3.517e-11
87400 4311.666291 -5.197e-12 7.999700 -0.000000 71.340351 3.473e-11
87500 4311.666291 -3.787e-12 7.999700 -0.000000 71.340351 3.428e-11
87600 4311.666291 -4.894e-12 7.999700 -0.000000 71.340350 3.385e-11
87700 4311.666290 -5.021e-12 7.999700 -0.000000 71.340350 3.341e-11
87800 4311.666290 -4.531e-12 7.999700 -0.000000 71.340349 3.299e-11
87900 4311.666289 -3.391e-12 7.999700 -0.000000 71.340349 3.256e-11
88000 4311.666289 -4.372e-12 7.999700 -0.000000 71.340348 3.214e-11
88100 4311.666288 -5.166e-12 7.999700 -0.000000 71.340348 3.174e-11
88200 4311.666288 -3.453e-12 7.999700 -0.000000 71.340347 3.133e-11
88300 4311.666287 -3.268e-12 7.999700 -0.000000 71.340347 3.093e-11
88400 4311.666287 -5.095e-12 7.999700 -0.000000 71.340347 3.054e-11
88500 4311.666287 -3.301e-12 7.999700 -0.000000 71.340346 3.014e-11
88600 4311.666286 -6.029e-12 7.999700 -0.000000 71.340346 2.976e-11
88700 4311.666286 -2.509e-12 7.999700 -0.000000 71.340345 2.938e-11
88800 4311.666285 -5.791e-12 7.999700 -0.000000 71.340345 2.900e-11
88900 4311.666285 -2.025e-12 7.999700 -0.000000 71.340345 2.863e-11
89000 4311.666285 -5.539e-12 7.999700 -0.000000 71.340344 2.827e-11
89100 4311.666284 -2.325e-12 7.999700 -0.000000 71.340344 2.791e-11
89200 4311.666284 -4.159e-12 7.999700 -0.000000 71.340343 2.755e-11
89300 4311.666284 -5.850e-12 7.999700 -0.000000 71.340343 2.720e-11
89400 4311.666283 -2.884e-12 7.999700 -0.000000 71.340343 2.685e-11
89500 4311.666283 -4.581e-12 7.999700 -0.000000 71.340342 2.651e-11
89600 4311.666283 -5.443e-12 7.999700 -0.000000 71.340342 2.617e-11
89700 4311.666282 -4.965e-12 7.999700 -0.000000 71.340342 2.583e-11
89800 4311.666282 -3.164e-12 7.999700 -0.000000 71.340341 2.550e-11
89900 4311.666281 -4.454e-12 7.999700 -0.000000 71.340341 2.518e-11
90000 4311.666281 -3.995e-12 7.999700 -0.000000 71.340341 2.486e-11
90100 4311.666281 -3.276e-12 7.999700 -0.000000 71.340340 2.454e-11
90200 4311.666280 -5.460e-12 7.999700 -0.000000 71.340340 2.422e-11
90300 4311.666280 -2.775e-12 7.999700 -0.000000 71.340339 2.391e-11
90400 4311.666280 -2.424e-12 7.999700 -0.000000 71.340339 2.361e-11
90500 4311.666280 -3.448e-12 7.999700 -0.000000 71.340339 2.331e-11
90600 4311.666279 -4.169e-12 7.999700 -0.000000 71.340339 2.301e-11
90700 4311.666279 -2.636e-12 7.999700 -0.000000 71.340338 2.272e-11
90800 4311.666279 -4.615e-12 7.999700 -0.000000 71.340338 2.242e-11
90900 4311.666278 -3.649e-12 7.999700 -0.000000 71.340338 2.214e-11
91000 4311.666278 -4.444e-12 7.999700 -0.000000 71.340337 2.186e-11
91100 4311.666278 -4.295e-12 7.999700 -0.000000 71.340337 2.158e-11
91200 4311.666277 -4.020e-12 7.999700 -0.000000 71.340337 2.130e-11
91300 4311.666277 -6.665e-12 7.999700 -0.000000 71.340336 2.103e-11
91400 4311.666277 -4.832e-12 7.999700 -0.000000 71.340336 2.076e-11
91500 4311.666277 -5.703e-12 7.999700 -0.000000 71.340336 2.050e-11
91600 4311.666276 -4.200e-12 7.999700 -0.000000 71.340336 2.023e-11
91700 4311.666276 -6.173e-12 7.999700 -0.000000 71.340335 1.997e-11
91800 4311.666276 -4.544e-12 7.999699 -0.000000 71.340335 1.972e-11
91900 4311.666276 -3.304e-12 7.999699 -0.000000 71.340335 1.947e-11
92000 4311.666275 -3.856e-12 7.999699 -0.000000 71.340334 1.922e-11
92100 4311.666275 -2.699e-12 7.999699 -0.000000 71.340334 1.897e-11
92200 4311.666275 -4.056e-12 7.999699 -0.000000 71.340334 1.873e-11
92300 4311.666275 -3.986e-12 7.999699 -0.000000 71.340334 1.849e-11
92400 4311.666274 -2.860e-12 7.999699 -0.000000 71.340333 1.825e-11
92500 4311.666274 -3.258e-12 7.999699 -0.000000 71.340333 1.802e-11
92600 4311.666274 -3.359e-12 7.999699 -0.000000 71.340333 1.779e-11
92700 4311.666274 -4.372e-12 7.999699 -0.000000 71.340333 1.756e-11
92800 4311.666273 -2.864e-12 7.999699 -0.000000 71.340332 1.734e-11
92900 4311.666273 -5.161e-12 7.999699 -0.000000 71.340332 1.711e-11
93000 4311.666273 -5.165e-12 7.999699 -0.000000 71.340332 1.690e-11
93100 4311.666273 -2.933e-12 7.999699 -0.000000 71.340332 1.668e-11
93200 4311.666272 -4.177e-12 7.999699 -0.000000 71.340331 1.647e-11
93300 4311.666272 -4.202e-12 7.999699 -0.000000 71.340331 1.626e-11
93400 4311.666272 -2.481e-12 7.999699 -0.000000 71.340331 1.605e-11
93500 4311.666272 -5.245e-12 7.999699 -0.000000 71.340331 1.584e-11
93600 4311.666272 -5.973e-12 7.999699 -0.000000 71.340331 1.564e-11
93700 4311.666271 -3.312e-12 7.999699 -0.000000 71.340330 1.544e-11
93800 4311.666271 -2.637e-12 7.999699 -0.000000 71.340330 1.524e-11
93900 4311.666271 -5.405e-12 7.999699 -0.000000 71.340330 1.505e-11
94000 4311.666271 -6.313e-12 7.999699 -0.000000 71.340330 1.486e-11
94100 4311.666271 -3.623e-12 7.999699 -0.000000 71.340330 1.467e-11
94200 4311.666270 -6.005e-12 7.999699 -0.000000 71.340329 1.448e-11
94300 4311.666270 -6.470e-12 7.999699 -0.000000 71.340329 1.430e-11
94400 4311.666270 -5.353e-12 7.999699 -0.000000 71.340329 1.411e-11
94500 4311.666270 -5.550e-12 7.999699 -0.000000 71.340329 1.393e-11
94600 4311.666270 -5.594e-12 7.999699 -0.000000 71.340329 1.376e-11
94700 4311.666269 -6.479e-12 7.999699 -0.000000 71.340328 1.358e-11
94800 4311.666269 -4.850e-12 7.999699 -0.000000 71.340328 1.341e-11
94900 4311.666269 -4.700e-12 7.999699 -0.000000 71.340328 1.323e-11
95000 4311.666269 -3.876e-12 7.999699 -0.000000 71.340328 1.306e-11
95100 4311.666269 -4.351e-12 7.999699 -0.000000 71.340328 1.290e-11
95200 4311.666269 -4.954e-12 7.999699 -0.000000 71.340327 1.273e-11
95300 4311.666268 -4.827e-12 7.999699 -0.000000 71.340327 1.257e-11
95400 4311.666268 -3.854e-12 7.999699 -0.000000 71.340327 1.241e-11
95500 4311.666268 -3.202e-12 7.999699 -0.000000 71.340327 1.225e-11
95600 4311.666268 -4.683e-12 7.999699 -0.000000 71.340327 1.210e-11
95700 4311.666268 -6.438e-12 7.999699 -0.000000 71.340327 1.194e-11
95800 4311.666268 -2.505e-12 7.999699 -0.000000 71.340326 1.178e-11
95900 4311.666267 -3.047e-12 7.999699 -0.000000 71.340326 1.164e-11
96000 4311.666267 -2.578e-12 7.999699 -0.000000 71.340326 1.149e-11
96100 4311.666267 -3.055e-12 7.999699 -0.000000 71.340326 1.134e-11
96200 4311.666267 -5.141e-12 7.999699 -0.000000 71.340326 1.120e-11
96300 4311.666267 -5.037e-12 7.999699 -0.000000 71.340326 1.105e-11
96400 4311.666267 -6.020e-12 7.999699 -0.000000 71.340325 1.091e-11
96500 4311.666266 -4.847e-12 7.999699 -0.000000 71.340325 1.077e-11
96600 4311.666266 -4.312e-12 7.999699 -0.000000 71.340325 1.063e-11
96700 4311.666266 -5.502e-12 7.999699 -0.000000 71.340325 1.050e-11
96800 4311.666266 -4.276e-12 7.999699 -0.000000 71.340325 1.036e-11
96900 4311.666266 -5.614e-12 7.999699 -0.000000 71.340325 1.023e-11
97000 4311.666266 -3.528e-12 7.999699 -0.000000 71.340325 1.010e-11
97100 4311.666266 -3.747e-12 7.999699 -0.000000 71.340324 9.972e-12
