0 4467.605060 -4.704e-12 8.002472 -0.000000 70.254438 3.191e-01
100 4472.155038 -5.466e-12 8.023542 -0.000000 69.771264 3.250e-04
200 4473.655297 -4.907e-12 8.030742 -0.000000 69.421860 1.072e-04
300 4474.267957 -3.941e-12 8.032101 -0.000000 69.174135 4.376e-05
400 4474.508113 -5.022e-12 8.030886 -0.000000 68.971011 1.715e-05
500 4474.559227 -3.780e-12 8.028620 -0.000000 68.782743 3.651e-06
600 4474.498144 -3.222e-12 8.026032 -0.000000 68.595769 4.363e-06
700 4474.361266 -4.958e-12 8.023462 -0.000000 68.405291 9.777e-06
800 4474.168117 -3.867e-12 8.021062 -0.000000 68.211039 1.380e-05
900 4473.930748 -2.792e-12 8.018889 -0.000000 68.014935 1.695e-05
1000 4473.657791 -5.484e-12 8.016952 -0.000000 67.819813 1.950e-05
1100 4473.356307 -5.078e-12 8.015240 -0.000000 67.628725 2.153e-05
1200 4473.032630 -7.590e-12 8.013731 -0.000000 67.444545 2.312e-05
1300 4472.692737 -5.856e-12 8.012403 -0.000000 67.269773 2.428e-05
1400 4472.342366 -2.275e-12 8.011232 -0.000000 67.106433 2.503e-05
1500 4471.987015 -4.810e-12 8.010197 -0.000000 66.956042 2.538e-05
1600 4471.631873 -3.083e-12 8.009276 -0.000000 66.819620 2.537e-05
1700 4471.281735 -4.283e-12 8.008455 -0.000000 66.697719 2.501e-05
1800 4470.940922 -6.107e-12 8.007717 -0.000000 66.590479 2.434e-05
1900 4470.613204 -2.594e-12 8.007050 -0.000000 66.497679 2.341e-05
2000 4470.301767 -3.456e-12 8.006442 -0.000000 66.418801 2.225e-05
2100 4470.009180 -4.524e-12 8.005885 -0.000000 66.353087 2.090e-05
2200 4469.737403 -6.137e-12 8.005370 -0.000000 66.299599 1.941e-05
2300 4469.487805 -3.558e-12 8.004892 -0.000000 66.257269 1.783e-05
2400 4469.261199 -4.032e-12 8.004446 -0.000000 66.224948 1.619e-05
2500 4469.057895 -4.193e-12 8.004027 -0.000000 66.201450 1.452e-05
2600 4468.877753 -4.184e-12 8.003633 -0.000000 66.185586 1.287e-05
2700 4468.720247 -2.181e-12 8.003261 -0.000000 66.176195 1.125e-05
2800 4468.584526 -4.067e-12 8.002910 -0.000000 66.172169 9.694e-06
2900 4468.469481 -3.664e-12 8.002577 -0.000000 66.172471 8.218e-06
3000 4468.373802 -3.920e-12 8.002264 -0.000000 66.176151 6.834e-06
3100 4468.296037 -3.742e-12 8.001969 -0.000000 66.182355 5.555e-06
3200 4468.234642 -2.973e-12 8.001691 -0.000000 66.190328 4.385e-06
3300 4468.188025 -5.097e-12 8.001431 -0.000000 66.199421 3.330e-06
3400 4468.154589 -4.951e-12 8.001188 -0.000000 66.209085 2.388e-06
3500 4468.132762 -3.028e-12 8.000963 -0.000000 66.218869 1.559e-06
3600 4468.121027 -4.504e-12 8.000755 -0.000000 66.228415 8.383e-07
3700 4468.117940 -5.499e-12 8.000564 -0.000000 66.237453 2.205e-07
3800 4468.122153 -2.016e-12 8.000390 -0.000000 66.245787 3.009e-07
3900 4468.132418 -3.554e-12 8.000233 -0.000000 66.253289 7.332e-07
4000 4468.147601 -3.877e-12 8.000092 -0.000000 66.259894 1.085e-06
4100 4468.166683 -4.718e-12 7.999966 -0.000000 66.265581 1.363e-06
4200 4468.188760 -5.209e-12 7.999856 -0.000000 66.270374 1.577e-06
4300 4468.213046 -2.619e-12 7.999761 -0.000000 66.274327 1.735e-06
4400 4468.238861 -2.856e-12 7.999679 -0.000000 66.277518 1.844e-06
4500 4468.265631 -4.359e-12 7.999611 -0.000000 66.280041 1.912e-06
4600 4468.292882 -4.208e-12 7.999555 -0.000000 66.282000 1.946e-06
4700 4468.320226 -2.451e-12 7.999511 -0.000000 66.283505 1.953e-06
4800 4468.347356 -3.869e-12 7.999478 -0.000000 66.284664 1.938e-06
4900 4468.374039 -4.099e-12 7.999455 -0.000000 66.285582 1.906e-06
5000 4468.400100 -4.148e-12 7.999442 -0.000000 66.286355 1.862e-06
5100 4468.425421 -3.935e-12 7.999437 -0.000000 66.287070 1.809e-06
5200 4468.449926 -4.344e-12 7.999439 -0.000000 66.287805 1.750e-06
5300 4468.473578 -3.720e-12 7.999449 -0.000000 66.288624 1.689e-06
5400 4468.496366 -4.043e-12 7.999466 -0.000000 66.289577 1.628e-06
5500 4468.518304 -5.553e-12 7.999488 -0.000000 66.290706 1.567e-06
5600 4468.539421 -4.502e-12 7.999515 -0.000000 66.292038 1.508e-06
5700 4468.559756 -4.350e-12 7.999547 -0.000000 66.293590 1.453e-06
5800 4468.579356 -3.387e-12 7.999583 -0.000000 66.295367 1.400e-06
5900 4468.598269 -6.119e-12 7.999623 -0.000000 66.297369 1.351e-06
6000 4468.616545 -4.463e-12 7.999665 -0.000000 66.299586 1.305e-06
6100 4468.634230 -3.195e-12 7.999711 -0.000000 66.302001 1.263e-06
6200 4468.651366 -5.449e-12 7.999758 -0.000000 66.304594 1.224e-06
6300 4468.667990 -3.772e-12 7.999808 -0.000000 66.307341 1.187e-06
6400 4468.684134 -4.423e-12 7.999859 -0.000000 66.310214 1.153e-06
6500 4468.699822 -4.999e-12 7.999911 -0.000000 66.313185 1.121e-06
6600 4468.715074 -2.903e-12 7.999965 -0.000000 66.316225 1.089e-06
6700 4468.729904 -3.246e-12 8.000019 -0.000000 66.319306 1.059e-06
6800 4468.744319 -4.816e-12 8.000074 -0.000000 66.322400 1.030e-06
6900 4468.758325 -6.024e-12 8.000130 -0.000000 66.325483 1.000e-06
7000 4468.771920 -3.463e-12 8.000185 -0.000000 66.328530 9.711e-07
7100 4468.785103 -3.115e-12 8.000241 -0.000000 66.331522 9.416e-07
7200 4468.797869 -3.247e-12 8.000296 -0.000000 66.334439 9.119e-07
7300 4468.810212 -5.764e-12 8.000352 -0.000000 66.337266 8.816e-07
7400 4468.822125 -3.447e-12 8.000407 -0.000000 66.339992 8.510e-07
7500 4468.833603 -3.453e-12 8.000461 -0.000000 66.342605 8.198e-07
7600 4468.844638 -1.847e-12 8.000515 -0.000000 66.345099 7.882e-07
7700 4468.855226 -2.820e-12 8.000568 -0.000000 66.347469 7.563e-07
7800 4468.865364 -2.811e-12 8.000621 -0.000000 66.349713 7.241e-07
7900 4468.875050 -2.579e-12 8.000672 -0.000000 66.351830 6.918e-07
8000 4468.884284 -3.654e-12 8.000723 -0.000000 66.353821 6.595e-07
8100 4468.893067 -3.851e-12 8.000772 -0.000000 66.355689 6.274e-07
8200 4468.901405 -4.813e-12 8.000820 -0.000000 66.357438 5.955e-07
8300 4468.909302 -5.961e-12 8.000868 -0.000000 66.359073 5.641e-07
8400 4468.916768 -3.842e-12 8.000914 -0.000000 66.360599 5.333e-07
8500 4468.923811 -5.123e-12 8.000958 -0.000000 66.362022 5.031e-07
8600 4468.930443 -3.718e-12 8.001002 -0.000000 66.363349 4.737e-07
8700 4468.936677 -3.687e-12 8.001044 -0.000000 66.364586 4.453e-07
8800 4468.942526 -5.250e-12 8.001084 -0.000000 66.365739 4.178e-07
8900 4468.948006 -5.566e-12 8.001124 -0.000000 66.366815 3.914e-07
9000 4468.953131 -4.279e-12 8.001161 -0.000000 66.367820 3.661e-07
9100 4468.957918 -4.668e-12 8.001198 -0.000000 66.368760 3.419e-07
9200 4468.962384 -5.380e-12 8.001233 -0.000000 66.369640 3.190e-07
9300 4468.966544 -1.856e-12 8.001266 -0.000000 66.370464 2.971e-07
9400 4468.970415 -3.994e-12 8.001299 -0.000000 66.371238 2.765e-07
9500 4468.974013 -3.278e-12 8.001329 -0.000000 66.371964 2.570e-07
9600 4468.977355 -3.631e-12 8.001358 -0.000000 66.372647 2.387e-07
9700 4468.980454 -4.631e-12 8.001386 -0.000000 66.373290 2.214e-07
9800 4468.983327 -1.945e-12 8.001413 -0.000000 66.373895 2.052e-07
9900 4468.985987 -3.405e-12 8.001438 -0.000000 66.374465 1.900e-07
10000 4468.988448 -2.527e-12 8.001462 -0.000000 66.375001 1.758e-07
10100 4468.990722 -4.587e-12 8.001484 -0.000000 66.375506 1.624e-07
10200 4468.992822 -4.472e-12 8.001506 -0.000000 66.375981 1.500e-07
10300 4468.994758 -3.003e-12 8.001526 -0.000000 66.376426 1.383e-07
10400 4468.996542 -2.570e-12 8.001544 -0.000000 66.376843 1.274e-07
10500 4468.998182 -4.048e-12 8.001562 -0.000000 66.377233 1.172e-07
10600 4468.999688 -6.354e-12 8.001578 -0.000000 66.377597 1.076e-07
10700 4469.001068 -2.309e-12 8.001594 -0.000000 66.377935 9.859e-08
10800 4469.002330 -4.677e-12 8.001608 -0.000000 66.378248 9.017e-08
10900 4469.003482 -5.240e-12 8.001621 -0.000000 66.378537 8.227e-08
11000 4469.004530 -5.719e-12 8.001634 -0.000000 66.378802 7.484e-08
11100 4469.005480 -2.762e-12 8.001645 -0.000000 66.379044 6.786e-08
11200 4469.006338 -4.428e-12 8.001655 -0.000000 66.379263 6.130e-08
11300 4469.007110 -3.645e-12 8.001665 -0.000000 66.379461 5.512e-08
11400 4469.007800 -3.096e-12 8.001673 -0.000000 66.379637 4.930e-08
11500 4469.008413 -3.257e-12 8.001681 -0.000000 66.379793 4.382e-08
11600 4469.008955 -4.111e-12 8.001688 -0.000000 66.379930 3.866e-08
11700 4469.009428 -6.219e-12 8.001695 -0.000000 66.380047 3.379e-08
11800 4469.009837 -4.990e-12 8.001700 -0.000000 66.380147 2.922e-08
11900 4469.010186 -4.701e-12 8.001705 -0.000000 66.380229 2.491e-08
12000 4469.010478 -5.370e-12 8.001709 -0.000000 66.380295 2.087e-08
12100 4469.010717 -5.362e-12 8.001713 -0.000000 66.380345 1.707e-08
12200 4469.010906 -3.481e-12 8.001716 -0.000000 66.380381 1.351e-08
12300 4469.011048 -3.716e-12 8.001719 -0.000000 66.380403 1.017e-08
12400 4469.011147 -2.802e-12 8.001721 -0.000000 66.380412 7.059e-09
12500 4469.011205 -5.102e-12 8.001722 -0.000000 66.380409 4.153e-09
12600 4469.011226 -4.297e-12 8.001723 -0.000000 66.380395 1.450e-09
12700 4469.011211 -4.098e-12 8.001724 -0.000000 66.380371 1.059e-09
12800 4469.011163 -2.379e-12 8.001724 -0.000000 66.380336 3.381e-09
12900 4469.011086 -4.415e-12 8.001724 -0.000000 66.380293 5.525e-09
13000 4469.010981 -4.535e-12 8.001723 -0.000000 66.380241 7.497e-09
13100 4469.010851 -5.058e-12 8.001722 -0.000000 66.380182 9.306e-09
13200 4469.010697 -4.230e-12 8.001721 -0.000000 66.380116 1.096e-08
13300 4469.010523 -5.424e-12 8.001719 -0.000000 66.380044 1.246e-08
13400 4469.010329 -4.715e-12 8.001717 -0.000000 66.379965 1.382e-08
13500 4469.010119 -3.646e-12 8.001715 -0.000000 66.379882 1.505e-08
13600 4469.009893 -5.614e-12 8.001712 -0.000000 66.379794 1.615e-08
13700 4469.009653 -2.814e-12 8.001710 -0.000000 66.379701 1.713e-08
13800 4469.009401 -4.819e-12 8.001707 -0.000000 66.379605 1.800e-08
13900 4469.009138 -5.311e-12 8.001703 -0.000000 66.379505 1.877e-08
14000 4469.008866 -5.844e-12 8.001700 -0.000000 66.379403 1.944e-08
14100 4469.008586 -2.493e-12 8.001696 -0.000000 66.379297 2.001e-08
14200 4469.008299 -4.833e-12 8.001693 -0.000000 66.379189 2.050e-08
14300 4469.008006 -3.138e-12 8.001689 -0.000000 66.379079 2.091e-08
14400 4469.007708 -3.891e-12 8.001685 -0.000000 66.378967 2.125e-08
14500 4469.007407 -4.608e-12 8.001681 -0.000000 66.378854 2.152e-08
14600 4469.007103 -2.586e-12 8.001676 -0.000000 66.378739 2.173e-08
14700 4469.006796 -1.106e-12 8.001672 -0.000000 66.378623 2.189e-08
14800 4469.006489 -2.303e-12 8.001667 -0.000000 66.378506 2.199e-08
14900 4469.006180 -2.293e-12 8.001663 -0.000000 66.378388 2.204e-08
15000 4469.005871 -5.601e-12 8.001658 -0.000000 66.378269 2.205e-08
15100 4469.005563 -4.591e-12 8.001653 -0.000000 66.378150 2.203e-08
15200 4469.005255 -4.873e-12 8.001649 -0.000000 66.378031 2.196e-08
15300 4469.004949 -3.014e-12 8.001644 -0.000000 66.377912 2.187e-08
15400 4469.004645 -6.457e-12 8.001639 -0.000000 66.377792 2.175e-08
15500 4469.004342 -2.244e-12 8.001634 -0.000000 66.377673 2.160e-08
15600 4469.004042 -3.659e-12 8.001629 -0.000000 66.377554 2.143e-08
15700 4469.003745 -3.945e-12 8.001624 -0.000000 66.377435 2.124e-08
15800 4469.003451 -5.894e-12 8.001619 -0.000000 66.377316 2.103e-08
15900 4469.003159 -2.400e-12 8.001614 -0.000000 66.377198 2.080e-08
16000 4469.002872 -5.719e-12 8.001608 -0.000000 66.377081 2.056e-08
16100 4469.002587 -1.888e-12 8.001603 -0.000000 66.376964 2.031e-08
16200 4469.002306 -4.947e-12 8.001598 -0.000000 66.376848 2.005e-08
16300 4469.002030 -3.119e-12 8.001593 -0.000000 66.376733 1.978e-08
16400 4469.001757 -4.391e-12 8.001588 -0.000000 66.376618 1.950e-08
16500 4469.001488 -6.204e-12 8.001583 -0.000000 66.376505 1.921e-08
16600 4469.001223 -4.697e-12 8.001578 -0.000000 66.376392 1.892e-08
16700 4469.000962 -3.198e-12 8.001573 -0.000000 66.376280 1.863e-08
16800 4469.000705 -6.894e-12 8.001568 -0.000000 66.376170 1.833e-08
16900 4469.000453 -2.322e-12 8.001563 -0.000000 66.376060 1.803e-08
17000 4469.000205 -4.609e-12 8.001558 -0.000000 66.375952 1.773e-08
17100 4468.999961 -4.911e-12 8.001553 -0.000000 66.375844 1.743e-08
17200 4468.999721 -1.140e-12 8.001548 -0.000000 66.375738 1.713e-08
17300 4468.999485 -3.980e-12 8.001543 -0.000000 66.375633 1.682e-08
17400 4468.999254 -2.120e-12 8.001538 -0.000000 66.375529 1.652e-08
17500 4468.999027 -2.759e-12 8.001533 -0.000000 66.375426 1.623e-08
17600 4468.998804 -5.147e-12 8.001528 -0.000000 66.375325 1.593e-08
17700 4468.998585 -2.679e-12 8.001523 -0.000000 66.375225 1.564e-08
17800 4468.998370 -3.293e-12 8.001518 -0.000000 66.375126 1.535e-08
17900 4468.998159 -2.536e-12 8.001514 -0.000000 66.375028 1.506e-08
18000 4468.997952 -3.304e-12 8.001509 -0.000000 66.374931 1.478e-08
18100 4468.997749 -2.664e-12 8.001504 -0.000000 66.374836 1.450e-08
18200 4468.997550 -3.749e-12 8.001500 -0.000000 66.374741 1.422e-08
18300 4468.997355 -2.495e-12 8.001495 -0.000000 66.374649 1.395e-08
18400 4468.997163 -5.024e-12 8.001490 -0.000000 66.374557 1.368e-08
18500 4468.996976 -5.889e-12 8.001486 -0.000000 66.374466 1.342e-08
18600 4468.996791 -3.697e-12 8.001481 -0.000000 66.374377 1.317e-08
18700 4468.996610 -5.047e-12 8.001477 -0.000000 66.374289 1.292e-08
18800 4468.996433 -4.633e-12 8.001473 -0.000000 66.374201 1.267e-08
18900 4468.996259 -7.481e-12 8.001468 -0.000000 66.374116 1.243e-08
19000 4468.996088 -6.224e-12 8.001464 -0.000000 66.374031 1.219e-08
19100 4468.995921 -2.587e-12 8.001460 -0.000000 66.373947 1.196e-08
19200 4468.995757 -4.557e-12 8.001455 -0.000000 66.373865 1.174e-08
19300 4468.995595 -8.342e-12 8.001451 -0.000000 66.373783 1.152e-08
19400 4468.995437 -4.709e-12 8.001447 -0.000000 66.373703 1.130e-08
19500 4468.995282 -4.858e-12 8.001443 -0.000000 66.373624 1.109e-08
19600 4468.995129 -2.443e-12 8.001439 -0.000000 66.373545 1.089e-08
19700 4468.994980 -2.965e-12 8.001435 -0.000000 66.373468 1.069e-08
19800 4468.994833 -3.260e-12 8.001431 -0.000000 66.373392 1.049e-08
19900 4468.994689 -4.325e-12 8.001427 -0.000000 66.373317 1.030e-08
20000 4468.994547 -1.383e-12 8.001423 -0.000000 66.373243 1.011e-08
20100 4468.994408 -1.803e-12 8.001419 -0.000000 66.373170 9.932e-09
20200 4468.994272 -2.409e-12 8.001416 -0.000000 66.373098 9.756e-09
20300 4468.994137 -2.937e-12 8.001412 -0.000000 66.373026 9.584e-09
20400 4468.994006 -3.682e-12 8.001408 -0.000000 66.372956 9.415e-09
20500 4468.993876 -5.969e-12 8.001405 -0.000000 66.372887 9.252e-09
20600 4468.993749 -5.293e-12 8.001401 -0.000000 66.372819 9.092e-09
20700 4468.993624 -3.286e-12 8.001397 -0.000000 66.372751 8.936e-09
20800 4468.993501 -3.961e-12 8.001394 -0.000000 66.372684 8.784e-09
20900 4468.993380 -5.006e-12 8.001390 -0.000000 66.372619 8.636e-09
21000 4468.993261 -3.924e-12 8.001387 -0.000000 66.372554 8.491e-09
21100 4468.993144 -5.340e-12 8.001384 -0.000000 66.372490 8.350e-09
21200 4468.993029 -1.833e-12 8.001380 -0.000000 66.372427 8.212e-09
21300 4468.992916 -2.078e-12 8.001377 -0.000000 66.372364 8.078e-09
21400 4468.992805 -4.485e-12 8.001374 -0.000000 66.372303 7.947e-09
21500 4468.992695 -5.531e-12 8.001370 -0.000000 66.372242 7.818e-09
21600 4468.992588 -4.031e-12 8.001367 -0.000000 66.372182 7.693e-09
21700 4468.992482 -2.914e-12 8.001364 -0.000000 66.372123 7.571e-09
21800 4468.992377 -3.930e-12 8.001361 -0.000000 66.372064 7.451e-09
21900 4468.992275 -3.609e-12 8.001358 -0.000000 66.372007 7.335e-09
22000 4468.992173 -2.922e-12 8.001355 -0.000000 66.371950 7.220e-09
22100 4468.992074 -3.641e-12 8.001352 -0.000000 66.371893 7.109e-09
22200 4468.991976 -4.409e-12 8.001349 -0.000000 66.371838 6.999e-09
22300 4468.991879 -5.372e-12 8.001346 -0.000000 66.371783 6.892e-09
22400 4468.991784 -2.133e-12 8.001343 -0.000000 66.371729 6.788e-09
22500 4468.991691 -2.400e-12 8.001340 -0.000000 66.371676 6.685e-09
22600 4468.991599 -3.858e-12 8.001337 -0.000000 66.371623 6.585e-09
22700 4468.991508 -2.968e-12 8.001334 -0.000000 66.371571 6.487e-09
22800 4468.991418 -6.397e-12 8.001332 -0.000000 66.371519 6.390e-09
22900 4468.991330 -3.889e-12 8.001329 -0.000000 66.371469 6.296e-09
23000 4468.991243 -3.958e-12 8.001326 -0.000000 66.371419 6.203e-09
23100 4468.991158 -3.276e-12 8.001324 -0.000000 66.371369 6.113e-09
23200 4468.991073 -4.096e-12 8.001321 -0.000000 66.371320 6.024e-09
23300 4468.990990 -3.648e-12 8.001318 -0.000000 66.371272 5.936e-09
23400 4468.990908 -3.943e-12 8.001316 -0.000000 66.371224 5.850e-09
23500 4468.990828 -2.037e-12 8.001313 -0.000000 66.371177 5.766e-09
23600 4468.990748 -4.253e-12 8.001311 -0.000000 66.371131 5.684e-09
23700 4468.990670 -6.760e-12 8.001309 -0.000000 66.371085 5.602e-09
23800 4468.990592 -2.834e-12 8.001306 -0.000000 66.371040 5.522e-09
23900 4468.990516 -5.383e-12 8.001304 -0.000000 66.370995 5.444e-09
24000 4468.990441 -3.677e-12 8.001301 -0.000000 66.370951 5.367e-09
24100 4468.990367 -4.533e-12 8.001299 -0.000000 66.370907 5.291e-09
24200 4468.990294 -3.549e-12 8.001297 -0.000000 66.370864 5.216e-09
24300 4468.990222 -3.369e-12 8.001294 -0.000000 66.370821 5.143e-09
24400 4468.990151 -4.340e-12 8.001292 -0.000000 66.370779 5.071e-09
24500 4468.990081 -5.055e-12 8.001290 -0.000000 66.370738 5.000e-09
24600 4468.990012 -3.935e-12 8.001288 -0.000000 66.370697 4.930e-09
24700 4468.989944 -2.230e-12 8.001286 -0.000000 66.370656 4.861e-09
24800 4468.989877 -4.681e-12 8.001284 -0.000000 66.370616 4.793e-09
24900 4468.989811 -4.384e-12 8.001281 -0.000000 66.370577 4.726e-09
25000 4468.989745 -4.101e-12 8.001279 -0.000000 66.370538 4.660e-09
25100 4468.989681 -5.877e-12 8.001277 -0.000000 66.370499 4.595e-09
25200 4468.989618 -4.962e-12 8.001275 -0.000000 66.370461 4.532e-09
25300 4468.989555 -4.401e-12 8.001273 -0.000000 66.370423 4.469e-09
25400 4468.989493 -4.732e-12 8.001271 -0.000000 66.370386 4.406e-09
25500 4468.989433 -2.737e-12 8.001269 -0.000000 66.370350 4.345e-09
25600 4468.989373 -4.299e-12 8.001268 -0.000000 66.370313 4.285e-09
25700 4468.989313 -5.426e-12 8.001266 -0.000000 66.370278 4.225e-09
25800 4468.989255 -1.985e-12 8.001264 -0.000000 66.370242 4.167e-09
25900 4468.989198 -2.687e-12 8.001262 -0.000000 66.370207 4.109e-09
26000 4468.989141 -5.570e-12 8.001260 -0.000000 66.370173 4.052e-09
26100 4468.989085 -4.012e-12 8.001258 -0.000000 66.370139 3.995e-09
26200 4468.989030 -4.830e-12 8.001257 -0.000000 66.370105 3.940e-09
26300 4468.988975 -5.785e-12 8.001255 -0.000000 66.370072 3.885e-09
26400 4468.988922 -4.812e-12 8.001253 -0.000000 66.370039 3.831e-09
26500 4468.988869 -5.152e-12 8.001251 -0.000000 66.370007 3.777e-09
26600 4468.988817 -4.454e-12 8.001250 -0.000000 66.369975 3.725e-09
26700 4468.988765 -4.866e-12 8.001248 -0.000000 66.369944 3.673e-09
26800 4468.988715 -3.206e-12 8.001246 -0.000000 66.369912 3.621e-09
26900 4468.988665 -5.337e-12 8.001245 -0.000000 66.369882 3.571e-09
27000 4468.988615 -1.866e-12 8.001243 -0.000000 66.369851 3.521e-09
27100 4468.988567 -4.194e-12 8.001242 -0.000000 66.369821 3.471e-09
27200 4468.988519 -2.751e-12 8.001240 -0.000000 66.369792 3.423e-09
27300 4468.988471 -2.669e-12 8.001239 -0.000000 66.369762 3.375e-09
27400 4468.988425 -2.245e-12 8.001237 -0.000000 66.369733 3.327e-09
27500 4468.988379 -2.827e-12 8.001236 -0.000000 66.369705 3.280e-09
27600 4468.988334 -5.011e-12 8.001234 -0.000000 66.369677 3.234e-09
27700 4468.988289 -3.051e-12 8.001233 -0.000000 66.369649 3.189e-09
27800 4468.988245 -4.088e-12 8.001231 -0.000000 66.369621 3.144e-09
27900 4468.988202 -3.920e-12 8.001230 -0.000000 66.369594 3.099e-09
28000 4468.988159 -4.973e-12 8.001228 -0.000000 66.369567 3.055e-09
28100 4468.988117 -2.748e-12 8.001227 -0.000000 66.369541 3.012e-09
28200 4468.988075 -5.183e-12 8.001226 -0.000000 66.369515 2.969e-09
28300 4468.988034 -3.317e-12 8.001224 -0.000000 66.369489 2.927e-09
28400 4468.987994 -4.086e-12 8.001223 -0.000000 66.369464 2.885e-09
28500 4468.987954 -2.599e-12 8.001222 -0.000000 66.369438 2.844e-09
28600 4468.987915 -3.456e-12 8.001221 -0.000000 66.369414 2.803e-09
28700 4468.987876 -6.339e-12 8.001219 -0.000000 66.369389 2.763e-09
28800 4468.987838 -3.942e-12 8.001218 -0.000000 66.369365 2.724e-09
28900 4468.987800 -3.823e-12 8.001217 -0.000000 66.369341 2.685e-09
29000 4468.987763 -4.759e-12 8.001216 -0.000000 66.369317 2.646e-09
29100 4468.987727 -5.558e-12 8.001214 -0.000000 66.369294 2.608e-09
29200 4468.987691 -3.451e-12 8.001213 -0.000000 66.369271 2.571e-09
29300 4468.987655 -2.622e-12 8.001212 -0.000000 66.369249 2.533e-09
29400 4468.987620 -4.380e-12 8.001211 -0.000000 66.369226 2.497e-09
29500 4468.987586 -4.142e-12 8.001210 -0.000000 66.369204 2.461e-09
29600 4468.987552 -3.485e-12 8.001209 -0.000000 66.369182 2.425e-09
29700 4468.987518 -2.253e-12 8.001207 -0.000000 66.369161 2.390e-09
29800 4468.987486 -4.644e-12 8.001206 -0.000000 66.369139 2.355e-09
29900 4468.987453 -5.760e-12 8.001205 -0.000000 66.369118 2.321e-09
30000 4468.987421 -1.500e-12 8.001204 -0.000000 66.369098 2.287e-09
30100 4468.987389 -5.084e-12 8.001203 -0.000000 66.369077 2.254e-09
30200 4468.987358 -4.040e-12 8.001202 -0.000000 66.369057 2.221e-09
30300 4468.987328 -3.119e-12 8.001201 -0.000000 66.369037 2.189e-09
30400 4468.987297 -4.590e-12 8.001200 -0.000000 66.369017 2.157e-09
30500 4468.987268 -6.625e-12 8.001199 -0.000000 66.368998 2.125e-09
30600 4468.987238 -2.310e-12 8.001198 -0.000000 66.368979 2.094e-09
30700 4468.987210 -4.757e-12 8.001197 -0.000000 66.368960 2.063e-09
30800 4468.987181 -4.088e-12 8.001196 -0.000000 66.368941 2.033e-09
30900 4468.987153 -4.037e-12 8.001195 -0.000000 66.368923 2.003e-09
31000 4468.987125 -6.116e-12 8.001194 -0.000000 66.368905 1.974e-09
31100 4468.987098 -4.428e-12 8.001193 -0.000000 66.368887 1.945e-09
31200 4468.987071 -3.664e-12 8.001193 -0.000000 66.368869 1.916e-09
31300 4468.987045 -5.369e-12 8.001192 -0.000000 66.368851 1.888e-09
31400 4468.987019 -4.178e-12 8.001191 -0.000000 66.368834 1.860e-09
31500 4468.986993 -4.163e-12 8.001190 -0.000000 66.368817 1.832e-09
31600 4468.986968 -4.865e-12 8.001189 -0.000000 66.368800 1.805e-09
31700 4468.986943 -6.991e-12 8.001188 -0.000000 66.368784 1.779e-09
31800 4468.986919 -3.644e-12 8.001187 -0.000000 66.368767 1.752e-09
31900 4468.986894 -2.794e-12 8.001187 -0.000000 66.368751 1.726e-09
32000 4468.986871 -2.081e-12 8.001186 -0.000000 66.368735 1.701e-09
32100 4468.986847 -5.186e-12 8.001185 -0.000000 66.368719 1.675e-09
32200 4468.986824 -4.099e-12 8.001184 -0.000000 66.368704 1.650e-09
32300 4468.986801 -3.482e-12 8.001183 -0.000000 66.368688 1.626e-09
32400 4468.986779 -2.856e-12 8.001183 -0.000000 66.368673 1.602e-09
32500 4468.986757 -5.504e-12 8.001182 -0.000000 66.368658 1.578e-09
32600 4468.986735 -6.358e-12 8.001181 -0.000000 66.368644 1.554e-09
32700 4468.986713 -3.416e-12 8.001180 -0.000000 66.368629 1.531e-09
32800 4468.986692 -4.939e-12 8.001180 -0.000000 66.368615 1.508e-09
32900 4468.986672 -4.497e-12 8.001179 -0.000000 66.368601 1.486e-09
33000 4468.986651 -5.321e-12 8.001178 -0.000000 66.368587 1.463e-09
33100 4468.986631 -3.925e-12 8.001177 -0.000000 66.368573 1.442e-09
33200 4468.986611 -3.480e-12 8.001177 -0.000000 66.368559 1.420e-09
33300 4468.986591 -3.386e-12 8.001176 -0.000000 66.368546 1.399e-09
33400 4468.986572 -3.448e-12 8.001175 -0.000000 66.368532 1.378e-09
33500 4468.986553 -4.095e-12 8.001175 -0.000000 66.368519 1.357e-09
33600 4468.986534 -2.482e-12 8.001174 -0.000000 66.368506 1.337e-09
33700 4468.986516 -4.830e-12 8.001173 -0.000000 66.368494 1.317e-09
33800 4468.986498 -3.802e-12 8.001173 -0.000000 66.368481 1.297e-09
33900 4468.986480 -5.231e-12 8.001172 -0.000000 66.368469 1.277e-09
34000 4468.986462 -4.512e-12 8.001172 -0.000000 66.368457 1.258e-09
34100 4468.986445 -2.347e-12 8.001171 -0.000000 66.368444 1.239e-09
34200 4468.986428 -4.091e-12 8.001170 -0.000000 66.368433 1.221e-09
34300 4468.986411 -3.518e-12 8.001170 -0.000000 66.368421 1.202e-09
34400 4468.986395 -3.546e-12 8.001169 -0.000000 66.368409 1.184e-09
34500 4468.986378 -4.347e-12 8.001169 -0.000000 66.368398 1.166e-09
34600 4468.986362 -3.664e-12 8.001168 -0.000000 66.368386 1.149e-09
34700 4468.986346 -4.786e-12 8.001167 -0.000000 66.368375 1.132e-09
34800 4468.986331 -7.047e-12 8.001167 -0.000000 66.368364 1.115e-09
34900 4468.986315 -3.013e-12 8.001166 -0.000000 66.368354 1.098e-09
35000 4468.986300 -6.234e-12 8.001166 -0.000000 66.368343 1.081e-09
35100 4468.986285 -3.809e-12 8.001165 -0.000000 66.368332 1.065e-09
35200 4468.986271 -4.886e-12 8.001165 -0.000000 66.368322 1.049e-09
35300 4468.986256 -5.045e-12 8.001164 -0.000000 66.368312 1.033e-09
35400 4468.986242 -5.527e-12 8.001164 -0.000000 66.368301 1.017e-09
35500 4468.986228 -4.256e-12 8.001163 -0.000000 66.368291 1.002e-09
35600 4468.986214 -2.184e-12 8.001163 -0.000000 66.368282 9.870e-10
35700 4468.986200 -2.440e-12 8.001162 -0.000000 66.368272 9.721e-10
35800 4468.986187 -5.378e-12 8.001162 -0.000000 66.368262 9.574e-10
35900 4468.986174 -4.101e-12 8.001161 -0.000000 66.368253 9.430e-10
36000 4468.986161 -1.271e-12 8.001161 -0.000000 66.368243 9.288e-10
36100 4468.986148 -5.406e-12 8.001160 -0.000000 66.368234 9.148e-10
36200 4468.986135 -5.417e-12 8.001160 -0.000000 66.368225 9.009e-10
36300 4468.986123 -4.424e-12 8.001159 -0.000000 66.368216 8.874e-10
36400 4468.986111 -4.142e-12 8.001159 -0.000000 66.368207 8.740e-10
36500 4468.986099 -3.845e-12 8.001158 -0.000000 66.368198 8.608e-10
36600 4468.986087 -4.924e-12 8.001158 -0.000000 66.368190 8.478e-10
36700 4468.986075 -1.544e-12 8.001158 -0.000000 66.368181 8.350e-10
36800 4468.986064 -4.432e-12 8.001157 -0.000000 66.368173 8.224e-10
36900 4468.986052 -3.086e-12 8.001157 -0.000000 66.368165 8.100e-10
37000 4468.986041 -4.383e-12 8.001156 -0.000000 66.368156 7.978e-10
37100 4468.986030 -6.234e-12 8.001156 -0.000000 66.368148 7.858e-10
37200 4468.986019 -7.449e-12 8.001156 -0.000000 66.368140 7.739e-10
37300 4468.986009 -6.442e-12 8.001155 -0.000000 66.368133 7.622e-10
37400 4468.985998 -5.421e-12 8.001155 -0.000000 66.368125 7.508e-10
37500 4468.985988 -4.988e-12 8.001154 -0.000000 66.368117 7.394e-10
37600 4468.985977 -2.370e-12 8.001154 -0.000000 66.368110 7.283e-10
37700 4468.985967 -5.618e-12 8.001154 -0.000000 66.368102 7.173e-10
37800 4468.985958 -4.490e-12 8.001153 -0.000000 66.368095 7.065e-10
37900 4468.985948 -4.260e-12 8.001153 -0.000000 66.368088 6.959e-10
38000 4468.985938 -4.384e-12 8.001152 -0.000000 66.368080 6.854e-10
38100 4468.985929 -4.743e-12 8.001152 -0.000000 66.368073 6.751e-10
38200 4468.985919 -1.876e-12 8.001152 -0.000000 66.368067 6.649e-10
38300 4468.985910 -5.570e-12 8.001151 -0.000000 66.368060 6.549e-10
38400 4468.985901 -4.737e-12 8.001151 -0.000000 66.368053 6.450e-10
38500 4468.985892 -3.139e-12 8.001151 -0.000000 66.368046 6.353e-10
38600 4468.985884 -5.544e-12 8.001150 -0.000000 66.368040 6.258e-10
38700 4468.985875 -3.602e-12 8.001150 -0.000000 66.368033 6.164e-10
38800 4468.985866 -4.191e-12 8.001150 -0.000000 66.368027 6.071e-10
38900 4468.985858 -4.251e-12 8.001149 -0.000000 66.368020 5.980e-10
39000 4468.985850 -3.239e-12 8.001149 -0.000000 66.368014 5.890e-10
39100 4468.985842 -2.787e-12 8.001149 -0.000000 66.368008 5.802e-10
39200 4468.985834 -4.603e-12 8.001149 -0.000000 66.368002 5.714e-10
39300 4468.985826 -4.862e-12 8.001148 -0.000000 66.367996 5.629e-10
39400 4468.985818 -3.129e-12 8.001148 -0.000000 66.367990 5.544e-10
39500 4468.985810 -3.838e-12 8.001148 -0.000000 66.367984 5.461e-10
39600 4468.985803 -5.463e-12 8.001147 -0.000000 66.367979 5.379e-10
39700 4468.985796 -3.054e-12 8.001147 -0.000000 66.367973 5.299e-10
39800 4468.985788 -3.283e-12 8.001147 -0.000000 66.367967 5.219e-10
39900 4468.985781 -4.382e-12 8.001146 -0.000000 66.367962 5.141e-10
40000 4468.985774 -4.928e-12 8.001146 -0.000000 66.367956 5.064e-10
40100 4468.985767 -4.083e-12 8.001146 -0.000000 66.367951 4.988e-10
40200 4468.985760 -4.325e-12 8.001146 -0.000000 66.367946 4.914e-10
40300 4468.985753 -3.142e-12 8.001145 -0.000000 66.367940 4.840e-10
40400 4468.985747 -4.272e-12 8.001145 -0.000000 66.367935 4.768e-10
40500 4468.985740 -5.221e-12 8.001145 -0.000000 66.367930 4.696e-10
40600 4468.985734 -3.209e-12 8.001145 -0.000000 66.367925 4.626e-10
40700 4468.985727 -1.994e-12 8.001144 -0.000000 66.367920 4.557e-10
40800 4468.985721 -6.875e-13 8.001144 -0.000000 66.367915 4.489e-10
40900 4468.985715 -2.783e-12 8.001144 -0.000000 66.367910 4.422e-10
41000 4468.985709 -1.596e-12 8.001144 -0.000000 66.367906 4.356e-10
41100 4468.985703 -1.470e-12 8.001143 -0.000000 66.367901 4.291e-10
41200 4468.985697 -4.724e-12 8.001143 -0.000000 66.367896 4.227e-10
41300 4468.985691 -3.285e-12 8.001143 -0.000000 66.367892 4.164e-10
41400 4468.985685 -4.334e-12 8.001143 -0.000000 66.367887 4.102e-10
41500 4468.985679 -5.096e-12 8.001143 -0.000000 66.367883 4.041e-10
41600 4468.985674 -3.236e-12 8.001142 -0.000000 66.367879 3.981e-10
41700 4468.985668 -4.422e-12 8.001142 -0.000000 66.367874 3.922e-10
41800 4468.985663 -4.593e-12 8.001142 -0.000000 66.367870 3.863e-10
41900 4468.985658 -5.801e-12 8.001142 -0.000000 66.367866 3.806e-10
42000 4468.985652 -4.630e-12 8.001141 -0.000000 66.367862 3.749e-10
42100 4468.985647 -5.012e-12 8.001141 -0.000000 66.367858 3.694e-10
42200 4468.985642 -5.544e-12 8.001141 -0.000000 66.367853 3.639e-10
42300 4468.985637 -6.212e-12 8.001141 -0.000000 66.367849 3.585e-10
42400 4468.985632 -3.312e-12 8.001141 -0.000000 66.367846 3.532e-10
42500 4468.985627 -5.963e-12 8.001140 -0.000000 66.367842 3.479e-10
42600 4468.985622 -5.586e-12 8.001140 -0.000000 66.367838 3.428e-10
42700 4468.985618 -7.364e-12 8.001140 -0.000000 66.367834 3.377e-10
42800 4468.985613 -4.494e-12 8.001140 -0.000000 66.367830 3.327e-10
42900 4468.985609 -4.574e-12 8.001140 -0.000000 66.367827 3.278e-10
43000 4468.985604 -3.704e-12 8.001140 -0.000000 66.367823 3.229e-10
43100 4468.985600 -5.714e-12 8.001139 -0.000000 66.367819 3.181e-10
43200 4468.985595 -3.605e-12 8.001139 -0.000000 66.367816 3.134e-10
43300 4468.985591 -3.553e-12 8.001139 -0.000000 66.367812 3.088e-10
43400 4468.985587 -7.049e-12 8.001139 -0.000000 66.367809 3.042e-10
43500 4468.985582 -2.450e-12 8.001139 -0.000000 66.367806 2.997e-10
43600 4468.985578 -3.587e-12 8.001138 -0.000000 66.367802 2.953e-10
43700 4468.985574 -5.771e-12 8.001138 -0.000000 66.367799 2.910e-10
43800 4468.985570 -4.204e-12 8.001138 -0.000000 66.367796 2.867e-10
43900 4468.985566 -1.716e-12 8.001138 -0.000000 66.367793 2.825e-10
44000 4468.985562 -3.654e-12 8.001138 -0.000000 66.367789 2.783e-10
44100 4468.985558 -3.361e-12 8.001138 -0.000000 66.367786 2.742e-10
44200 4468.985555 -1.637e-12 8.001137 -0.000000 66.367783 2.702e-10
44300 4468.985551 -6.298e-12 8.001137 -0.000000 66.367780 2.662e-10
44400 4468.985547 -5.314e-12 8.001137 -0.000000 66.367777 2.623e-10
44500 4468.985544 -4.268e-12 8.001137 -0.000000 66.367774 2.584e-10
44600 4468.985540 -5.357e-12 8.001137 -0.000000 66.367771 2.546e-10
44700 4468.985537 -6.073e-12 8.001137 -0.000000 66.367768 2.509e-10
44800 4468.985533 -6.764e-12 8.001137 -0.000000 66.367766 2.472e-10
44900 4468.985530 -5.241e-12 8.001136 -0.000000 66.367763 2.436e-10
45000 4468.985526 -4.762e-12 8.001136 -0.000000 66.367760 2.400e-10
45100 4468.985523 -4.685e-12 8.001136 -0.000000 66.367757 2.365e-10
45200 4468.985520 -5.362e-12 8.001136 -0.000000 66.367755 2.330e-10
45300 4468.985517 -4.342e-12 8.001136 -0.000000 66.367752 2.296e-10
45400 4468.985513 -3.755e-12 8.001136 -0.000000 66.367749 2.262e-10
45500 4468.985510 -3.847e-12 8.001136 -0.000000 66.367747 2.229e-10
45600 4468.985507 -5.038e-12 8.001136 -0.000000 66.367744 2.197e-10
45700 4468.985504 -1.144e-12 8.001135 -0.000000 66.367742 2.165e-10
45800 4468.985501 -4.574e-12 8.001135 -0.000000 66.367739 2.133e-10
45900 4468.985498 -3.528e-12 8.001135 -0.000000 66.367737 2.102e-10
46000 4468.985495 -3.627e-12 8.001135 -0.000000 66.367734 2.071e-10
46100 4468.985492 -2.446e-12 8.001135 -0.000000 66.367732 2.041e-10
46200 4468.985490 -5.378e-12 8.001135 -0.000000 66.367730 2.011e-10
46300 4468.985487 -3.229e-12 8.001135 -0.000000 66.367727 1.982e-10
46400 4468.985484 -3.661e-12 8.001135 -0.000000 66.367725 1.953e-10
46500 4468.985481 -1.998e-12 8.001134 -0.000000 66.367723 1.924e-10
46600 4468.985479 -2.651e-12 8.001134 -0.000000 66.367721 1.896e-10
46700 4468.985476 -5.818e-12 8.001134 -0.000000 66.367718 1.869e-10
46800 4468.985474 -3.492e-12 8.001134 -0.000000 66.367716 1.842e-10
46900 4468.985471 -4.474e-12 8.001134 -0.000000 66.367714 1.815e-10
47000 4468.985469 -4.273e-12 8.001134 -0.000000 66.367712 1.788e-10
47100 4468.985466 -2.966e-12 8.001134 -0.000000 66.367710 1.762e-10
47200 4468.985464 -1.634e-12 8.001134 -0.000000 66.367708 1.737e-10
47300 4468.985461 -3.368e-12 8.001134 -0.000000 66.367706 1.712e-10
47400 4468.985459 -4.010e-12 8.001134 -0.000000 66.367704 1.687e-10
47500 4468.985457 -5.182e-12 8.001133 -0.000000 66.367702 1.662e-10
47600 4468.985454 -5.348e-12 8.001133 -0.000000 66.367700 1.638e-10
47700 4468.985452 -4.694e-12 8.001133 -0.000000 66.367698 1.614e-10
47800 4468.985450 -3.638e-12 8.001133 -0.000000 66.367696 1.591e-10
47900 4468.985448 -4.673e-12 8.001133 -0.000000 66.367694 1.568e-10
48000 4468.985445 -4.896e-12 8.001133 -0.000000 66.367692 1.545e-10
48100 4468.985443 -2.278e-12 8.001133 -0.000000 66.367691 1.523e-10
48200 4468.985441 -3.187e-12 8.001133 -0.000000 66.367689 1.501e-10
48300 4468.985439 -5.021e-12 8.001133 -0.000000 66.367687 1.479e-10
48400 4468.985437 -4.870e-12 8.001133 -0.000000 66.367685 1.458e-10
48500 4468.985435 -3.767e-12 8.001132 -0.000000 66.367684 1.437e-10
48600 4468.985433 -2.840e-12 8.001132 -0.000000 66.367682 1.416e-10
48700 4468.985431 -3.820e-12 8.001132 -0.000000 66.367680 1.396e-10
48800 4468.985429 -2.881e-12 8.001132 -0.000000 66.367679 1.375e-10
48900 4468.985427 -3.385e-12 8.001132 -0.000000 66.367677 1.356e-10
49000 4468.985425 -5.254e-12 8.001132 -0.000000 66.367675 1.336e-10
49100 4468.985424 -3.461e-12 8.001132 -0.000000 66.367674 1.317e-10
49200 4468.985422 -2.441e-12 8.001132 -0.000000 66.367672 1.298e-10
49300 4468.985420 -4.027e-12 8.001132 -0.000000 66.367671 1.279e-10
49400 4468.985418 -4.127e-12 8.001132 -0.000000 66.367669 1.261e-10
49500 4468.985417 -2.806e-12 8.001132 -0.000000 66.367668 1.243e-10
49600 4468.985415 -3.489e-12 8.001132 -0.000000 66.367666 1.225e-10
49700 4468.985413 -3.294e-12 8.001132 -0.000000 66.367665 1.207e-10
49800 4468.985411 -3.518e-12 8.001131 -0.000000 66.367663 1.190e-10
49900 4468.985410 -4.193e-12 8.001131 -0.000000 66.367662 1.173e-10
50000 4468.985408 -2.538e-12 8.001131 -0.000000 66.367660 1.156e-10
50100 4468.985407 -4.347e-12 8.001131 -0.000000 66.367659 1.139e-10
50200 4468.985405 -4.437e-12 8.001131 -0.000000 66.367658 1.123e-10
50300 4468.985403 -8.752e-13 8.001131 -0.000000 66.367656 1.107e-10
50400 4468.985402 -3.117e-12 8.001131 -0.000000 66.367655 1.091e-10
50500 4468.985400 -3.174e-12 8.001131 -0.000000 66.367654 1.075e-10
50600 4468.985399 -3.653e-12 8.001131 -0.000000 66.367652 1.060e-10
50700 4468.985397 -5.375e-12 8.001131 -0.000000 66.367651 1.045e-10
50800 4468.985396 -3.802e-12 8.001131 -0.000000 66.367650 1.030e-10
50900 4468.985395 -3.167e-12 8.001131 -0.000000 66.367649 1.015e-10
51000 4468.985393 -2.927e-12 8.001131 -0.000000 66.367647 1.001e-10
51100 4468.985392 -3.738e-12 8.001131 -0.000000 66.367646 9.863e-11
51200 4468.985390 -2.857e-12 8.001131 -0.000000 66.367645 9.722e-11
51300 4468.985389 -4.117e-12 8.001130 -0.000000 66.367644 9.583e-11
51400 4468.985388 -4.302e-12 8.001130 -0.000000 66.367643 9.447e-11
51500 4468.985387 -2.848e-12 8.001130 -0.000000 66.367641 9.312e-11
51600 4468.985385 -5.377e-12 8.001130 -0.000000 66.367640 9.179e-11
51700 4468.985384 -5.213e-12 8.001130 -0.000000 66.367639 9.048e-11
51800 4468.985383 -7.144e-12 8.001130 -0.000000 66.367638 8.919e-11
51900 4468.985381 -5.086e-12 8.001130 -0.000000 66.367637 8.792e-11
52000 4468.985380 -3.134e-12 8.001130 -0.000000 66.367636 8.667e-11
52100 4468.985379 -4.632e-12 8.001130 -0.000000 66.367635 8.544e-11
52200 4468.985378 -4.807e-12 8.001130 -0.000000 66.367634 8.422e-11
52300 4468.985377 -6.392e-12 8.001130 -0.000000 66.367633 8.302e-11
52400 4468.985376 -3.929e-12 8.001130 -0.000000 66.367632 8.184e-11
52500 4468.985374 -5.272e-12 8.001130 -0.000000 66.367631 8.068e-11
52600 4468.985373 -5.170e-12 8.001130 -0.000000 66.367630 7.953e-11
52700 4468.985372 -4.931e-12 8.001130 -0.000000 66.367629 7.840e-11
52800 4468.985371 -5.392e-12 8.001130 -0.000000 66.367628 7.729e-11
52900 4468.985370 -2.860e-12 8.001130 -0.000000 66.367627 7.619e-11
53000 4468.985369 -2.542e-12 8.001130 -0.000000 66.367626 7.511e-11
53100 4468.985368 -2.371e-12 8.001130 -0.000000 66.367625 7.405e-11
53200 4468.985367 -6.875e-12 8.001130 -0.000000 66.367624 7.300e-11
53300 4468.985366 -4.139e-12 8.001129 -0.000000 66.367623 7.196e-11
53400 4468.985365 -1.680e-12 8.001129 -0.000000 66.367622 7.095e-11
53500 4468.985364 -2.233e-12 8.001129 -0.000000 66.367621 6.994e-11
53600 4468.985363 -1.653e-12 8.001129 -0.000000 66.367621 6.895e-11
53700 4468.985362 -5.037e-12 8.001129 -0.000000 66.367620 6.798e-11
53800 4468.985361 -3.578e-12 8.001129 -0.000000 66.367619 6.701e-11
53900 4468.985360 -4.125e-12 8.001129 -0.000000 66.367618 6.607e-11
54000 4468.985359 -5.221e-12 8.001129 -0.000000 66.367617 6.513e-11
54100 4468.985358 -3.100e-12 8.001129 -0.000000 66.367616 6.421e-11
54200 4468.985358 -3.889e-12 8.001129 -0.000000 66.367616 6.331e-11
54300 4468.985357 -3.387e-12 8.001129 -0.000000 66.367615 6.241e-11
54400 4468.985356 -3.116e-12 8.001129 -0.000000 66.367614 6.153e-11
54500 4468.985355 -3.545e-12 8.001129 -0.000000 66.367613 6.066e-11
54600 4468.985354 -2.833e-12 8.001129 -0.000000 66.367612 5.981e-11
54700 4468.985353 -5.172e-12 8.001129 -0.000000 66.367612 5.897e-11
54800 4468.985352 -5.640e-12 8.001129 -0.000000 66.367611 5.813e-11
54900 4468.985352 -4.125e-12 8.001129 -0.000000 66.367610 5.731e-11
55000 4468.985351 -5.737e-12 8.001129 -0.000000 66.367610 5.651e-11
55100 4468.985350 -3.234e-12 8.001129 -0.000000 66.367609 5.571e-11
55200 4468.985349 -2.889e-12 8.001129 -0.000000 66.367608 5.493e-11
55300 4468.985349 -5.907e-12 8.001129 -0.000000 66.367607 5.416e-11
55400 4468.985348 -4.302e-12 8.001129 -0.000000 66.367607 5.339e-11
55500 4468.985347 -4.914e-12 8.001129 -0.000000 66.367606 5.265e-11
55600 4468.985346 -5.867e-12 8.001129 -0.000000 66.367605 5.190e-11
55700 4468.985346 -5.014e-12 8.001129 -0.000000 66.367605 5.118e-11
55800 4468.985345 -6.213e-12 8.001129 -0.000000 66.367604 5.046e-11
55900 4468.985344 -4.607e-12 8.001128 -0.000000 66.367604 4.975e-11
56000 4468.985344 -6.439e-12 8.001128 -0.000000 66.367603 4.905e-11
56100 4468.985343 -3.034e-12 8.001128 -0.000000 66.367602 4.836e-11
56200 4468.985342 -6.374e-12 8.001128 -0.000000 66.367602 4.769e-11
56300 4468.985342 -6.419e-12 8.001128 -0.000000 66.367601 4.702e-11
56400 4468.985341 -2.761e-12 8.001128 -0.000000 66.367600 4.636e-11
56500 4468.985340 -4.510e-12 8.001128 -0.000000 66.367600 4.571e-11
56600 4468.985340 -4.120e-12 8.001128 -0.000000 66.367599 4.507e-11
56700 4468.985339 -1.749e-12 8.001128 -0.000000 66.367599 4.444e-11
56800 4468.985338 -5.338e-12 8.001128 -0.000000 66.367598 4.382e-11
56900 4468.985338 -3.449e-12 8.001128 -0.000000 66.367598 4.321e-11
57000 4468.985337 -6.016e-12 8.001128 -0.000000 66.367597 4.260e-11
57100 4468.985337 -3.541e-12 8.001128 -0.000000 66.367597 4.200e-11
57200 4468.985336 -4.465e-12 8.001128 -0.000000 66.367596 4.142e-11
57300 4468.985335 -2.779e-12 8.001128 -0.000000 66.367595 4.084e-11
57400 4468.985335 -3.181e-12 8.001128 -0.000000 66.367595 4.027e-11
57500 4468.985334 -1.423e-12 8.001128 -0.000000 66.367594 3.971e-11
57600 4468.985334 -6.505e-12 8.001128 -0.000000 66.367594 3.915e-11
57700 4468.985333 -3.549e-12 8.001128 -0.000000 66.367593 3.861e-11
57800 4468.985333 -5.210e-12 8.001128 -0.000000 66.367593 3.807e-11
57900 4468.985332 -4.705e-12 8.001128 -0.000000 66.367592 3.754e-11
58000 4468.985332 -3.827e-12 8.001128 -0.000000 66.367592 3.701e-11
58100 4468.985331 -6.046e-12 8.001128 -0.000000 66.367591 3.650e-11
58200 4468.985331 -4.213e-12 8.001128 -0.000000 66.367591 3.599e-11
58300 4468.985330 -2.728e-12 8.001128 -0.000000 66.367591 3.549e-11
58400 4468.985330 -5.055e-12 8.001128 -0.000000 66.367590 3.500e-11
58500 4468.985329 -2.157e-12 8.001128 -0.000000 66.367590 3.451e-11
58600 4468.985329 -3.196e-12 8.001128 -0.000000 66.367589 3.403e-11
58700 4468.985328 -4.913e-12 8.001128 -0.000000 66.367589 3.356e-11
58800 4468.985328 -2.576e-12 8.001128 -0.000000 66.367588 3.309e-11
58900 4468.985327 -4.133e-12 8.001128 -0.000000 66.367588 3.263e-11
59000 4468.985327 -6.193e-12 8.001128 -0.000000 66.367587 3.218e-11
59100 4468.985326 -4.472e-12 8.001128 -0.000000 66.367587 3.173e-11
59200 4468.985326 -5.026e-12 8.001128 -0.000000 66.367587 3.129e-11
59300 4468.985326 -4.567e-12 8.001128 -0.000000 66.367586 3.086e-11
59400 4468.985325 -3.420e-12 8.001128 -0.000000 66.367586 3.043e-11
59500 4468.985325 -3.431e-12 8.001128 -0.000000 66.367585 3.001e-11
59600 4468.985324 -2.021e-12 8.001128 -0.000000 66.367585 2.959e-11
59700 4468.985324 -4.376e-12 8.001128 -0.000000 66.367585 2.918e-11
59800 4468.985323 -5.029e-12 8.001128 -0.000000 66.367584 2.878e-11
59900 4468.985323 -6.454e-12 8.001127 -0.000000 66.367584 2.838e-11
60000 4468.985323 -3.331e-12 8.001127 -0.000000 66.367584 2.799e-11
60100 4468.985322 -3.686e-12 8.001127 -0.000000 66.367583 2.760e-11
60200 4468.985322 -3.703e-12 8.001127 -0.000000 66.367583 2.722e-11
60300 4468.985322 -3.853e-12 8.001127 -0.000000 66.367583 2.684e-11
60400 4468.985321 -3.629e-12 8.001127 -0.000000 66.367582 2.647e-11
60500 4468.985321 -5.056e-12 8.001127 -0.000000 66.367582 2.610e-11
60600 4468.985320 -3.260e-12 8.001127 -0.000000 66.367581 2.575e-11
60700 4468.985320 -4.789e-12 8.001127 -0.000000 66.367581 2.539e-11
60800 4468.985320 -4.387e-12 8.001127 -0.000000 66.367581 2.504e-11
60900 4468.985319 -5.019e-12 8.001127 -0.000000 66.367580 2.469e-11
61000 4468.985319 -4.379e-12 8.001127 -0.000000 66.367580 2.436e-11
61100 4468.985319 -3.703e-12 8.001127 -0.000000 66.367580 2.402e-11
61200 4468.985318 -3.639e-12 8.001127 -0.000000 66.367580 2.369e-11
61300 4468.985318 -6.818e-12 8.001127 -0.000000 66.367579 2.336e-11
61400 4468.985318 -3.727e-12 8.001127 -0.000000 66.367579 2.304e-11
61500 4468.985317 -5.653e-12 8.001127 -0.000000 66.367579 2.272e-11
61600 4468.985317 -4.059e-12 8.001127 -0.000000 66.367578 2.241e-11
61700 4468.985317 -6.020e-12 8.001127 -0.000000 66.367578 2.210e-11
61800 4468.985316 -3.861e-12 8.001127 -0.000000 66.367578 2.180e-11
61900 4468.985316 -3.842e-12 8.001127 -0.000000 66.367577 2.150e-11
62000 4468.985316 -6.290e-12 8.001127 -0.000000 66.367577 2.120e-11
62100 4468.985316 -3.841e-12 8.001127 -0.000000 66.367577 2.091e-11
62200 4468.985315 -4.320e-12 8.001127 -0.000000 66.367577 2.062e-11
62300 4468.985315 -5.927e-12 8.001127 -0.000000 66.367576 2.034e-11
62400 4468.985315 -4.910e-12 8.001127 -0.000000 66.367576 2.006e-11
62500 4468.985314 -4.226e-12 8.001127 -0.000000 66.367576 1.978e-11
62600 4468.985314 -3.403e-12 8.001127 -0.000000 66.367576 1.951e-11
62700 4468.985314 -3.437e-12 8.001127 -0.000000 66.367575 1.924e-11
62800 4468.985314 -3.891e-12 8.001127 -0.000000 66.367575 1.898e-11
62900 4468.985313 -2.818e-12 8.001127 -0.000000 66.367575 1.872e-11
63000 4468.985313 -3.686e-12 8.001127 -0.000000 66.367575 1.846e-11
63100 4468.985313 -4.905e-12 8.001127 -0.000000 66.367574 1.821e-11
63200 4468.985313 -3.926e-12 8.001127 -0.000000 66.367574 1.796e-11
63300 4468.985312 -5.133e-12 8.001127 -0.000000 66.367574 1.771e-11
63400 4468.985312 -4.246e-12 8.001127 -0.000000 66.367574 1.747e-11
63500 4468.985312 -5.150e-12 8.001127 -0.000000 66.367573 1.723e-11
63600 4468.985312 -5.102e-12 8.001127 -0.000000 66.367573 1.700e-11
63700 4468.985311 -2.160e-12 8.001127 -0.000000 66.367573 1.677e-11
63800 4468.985311 -4.480e-12 8.001127 -0.000000 66.367573 1.653e-11
63900 4468.985311 -1.299e-12 8.001127 -0.000000 66.367572 1.631e-11
64000 4468.985311 -4.041e-12 8.001127 -0.000000 66.367572 1.609e-11
64100 4468.985311 -4.191e-12 8.001127 -0.000000 66.367572 1.587e-11
64200 4468.985310 -3.871e-12 8.001127 -0.000000 66.367572 1.565e-11
64300 4468.985310 -4.572e-12 8.001127 -0.000000 66.367572 1.543e-11
64400 4468.985310 -4.202e-12 8.001127 -0.000000 66.367571 1.522e-11
64500 4468.985310 -2.671e-12 8.001127 -0.000000 66.367571 1.502e-11
64600 4468.985309 -4.977e-12 8.001127 -0.000000 66.367571 1.481e-11
64700 4468.985309 -2.553e-12 8.001127 -0.000000 66.367571 1.461e-11
64800 4468.985309 -3.128e-12 8.001127 -0.000000 66.367571 1.441e-11
64900 4468.985309 -3.034e-12 8.001127 -0.000000 66.367570 1.421e-11
65000 4468.985309 -4.636e-12 8.001127 -0.000000 66.367570 1.402e-11
65100 4468.985308 -4.360e-12 8.001127 -0.000000 66.367570 1.383e-11
65200 4468.985308 -5.438e-12 8.001127 -0.000000 66.367570 1.364e-11
65300 4468.985308 -3.577e-12 8.001127 -0.000000 66.367570 1.345e-11
65400 4468.985308 -3.959e-12 8.001127 -0.000000 66.367570 1.327e-11
65500 4468.985308 -5.147e-12 8.001127 -0.000000 66.367569 1.309e-11
65600 4468.985308 -7.059e-12 8.001127 -0.000000 66.367569 1.292e-11
65700 4468.985307 -2.872e-12 8.001127 -0.000000 66.367569 1.273e-11
65800 4468.985307 -2.047e-12 8.001127 -0.000000 66.367569 1.256e-11
65900 4468.985307 -4.593e-12 8.001127 -0.000000 66.367569 1.239e-11
66000 4468.985307 -5.006e-12 8.001127 -0.000000 66.367568 1.222e-11
66100 4468.985307 -3.924e-12 8.001127 -0.000000 66.367568 1.206e-11
66200 4468.985306 -3.678e-12 8.001127 -0.000000 66.367568 1.190e-11
66300 4468.985306 -4.125e-12 8.001127 -0.000000 66.367568 1.173e-11
66400 4468.985306 -5.021e-12 8.001127 -0.000000 66.367568 1.157e-11
66500 4468.985306 -4.480e-12 8.001127 -0.000000 66.367568 1.142e-11
66600 4468.985306 -4.842e-12 8.001127 -0.000000 66.367568 1.126e-11
66700 4468.985306 -5.063e-12 8.001127 -0.000000 66.367567 1.111e-11
66800 4468.985306 -2.223e-12 8.001127 -0.000000 66.367567 1.096e-11
66900 4468.985305 -3.115e-12 8.001127 -0.000000 66.367567 1.081e-11
67000 4468.985305 -3.233e-12 8.001127 -0.000000 66.367567 1.066e-11
67100 4468.985305 -4.919e-12 8.001127 -0.000000 66.367567 1.052e-11
67200 4468.985305 -4.761e-12 8.001127 -0.000000 66.367567 1.038e-11
67300 4468.985305 -3.539e-12 8.001127 -0.000000 66.367567 1.023e-11
67400 4468.985305 -6.291e-12 8.001127 -0.000000 66.367566 1.010e-11
67500 4468.985305 -6.718e-12 8.001127 -0.000000 66.367566 9.961e-12
