0 -1901.915260 2.790e-13 -8.799515 -0.000000 -276.355217 1.653e-01
100 -878.630192 -3.642e-13 -7.088797 -0.000000 -233.558459 8.896e-02
200 -55.978291 -3.488e-13 -5.579822 -0.000000 -196.834349 7.152e-02
300 604.959594 -7.612e-13 -4.238471 -0.000000 -164.973356 5.746e-02
400 1124.025804 3.380e-13 -3.050705 -0.000000 -137.409650 4.513e-02
500 1533.879509 -8.674e-14 -1.993441 -0.000000 -113.737782 3.563e-02
600 1869.847176 -9.149e-13 -1.044106 -0.000000 -93.428018 2.921e-02
700 2153.910893 -6.267e-13 -0.187534 -0.000000 -75.885807 2.470e-02
800 2396.493012 -1.901e-13 0.586108 -0.000000 -60.732692 2.109e-02
900 2604.109267 -6.232e-14 1.280922 -0.000000 -47.999224 1.805e-02
1000 2779.974037 -5.178e-13 1.909165 -0.000000 -36.358590 1.529e-02
1100 2928.533327 8.731e-13 2.479457 -0.000000 -25.721864 1.292e-02
1200 3053.905256 2.849e-13 2.997825 -0.000000 -15.979204 1.090e-02
1300 3159.629309 1.589e-12 3.469371 -0.000000 -7.031256 9.191e-03
1400 3248.743812 7.071e-14 3.898560 -0.000000 1.206697 7.747e-03
1500 3323.850238 6.556e-13 4.289352 -0.000000 8.805355 6.530e-03
1600 3387.169023 1.918e-13 4.645280 -0.000000 15.823538 5.505e-03
1700 3440.588513 1.976e-12 4.969521 -0.000000 22.310574 4.644e-03
1800 3485.708580 1.970e-12 5.264937 -0.000000 28.308560 3.923e-03
1900 3523.879790 -1.560e-12 5.534120 -0.000000 33.854215 3.319e-03
2000 3556.238351 -5.946e-13 5.779429 -0.000000 38.980096 2.813e-03
2100 3583.736862 9.620e-13 6.003006 -0.000000 43.715240 2.391e-03
2200 3607.171176 1.807e-12 6.206804 -0.000000 48.085560 2.037e-03
2300 3627.203879 -1.603e-13 6.392594 -0.000000 52.114236 1.742e-03
2400 3644.384878 -1.975e-12 6.561984 -0.000000 55.822164 1.494e-03
2500 3659.169412 1.586e-12 6.716431 -0.000000 59.228425 1.285e-03
2600 3671.933727 2.701e-13 6.857253 -0.000000 62.350705 1.110e-03
2700 3682.988617 -2.146e-13 6.985646 -0.000000 65.205686 9.611e-04
2800 3692.591053 -1.012e-13 7.102692 -0.000000 67.809392 8.348e-04
2900 3700.954099 8.220e-13 7.209375 -0.000000 70.177504 7.271e-04
3000 3708.255291 -7.891e-13 7.306591 -0.000000 72.325595 6.347e-04
3100 3714.643549 2.845e-12 7.395158 -0.000000 74.269256 5.554e-04
3200 3720.244721 -4.492e-13 7.475825 -0.000000 76.024058 4.870e-04
3300 3725.165881 1.271e-12 7.549279 -0.000000 77.605397 4.278e-04
3400 3729.498603 -2.919e-12 7.616150 -0.000000 79.028276 3.767e-04
3500 3733.321459 2.246e-12 7.677013 -0.000000 80.307085 3.324e-04
3600 3736.701980 3.237e-12 7.732397 -0.000000 81.455439 2.939e-04
3700 3739.698245 2.756e-12 7.782782 -0.000000 82.486073 2.605e-04
3800 3742.360223 3.723e-13 7.828607 -0.000000 83.410785 2.314e-04
3900 3744.730926 6.092e-14 7.870271 -0.000000 84.240431 2.061e-04
4000 3746.847399 7.317e-13 7.908138 -0.000000 84.984935 1.840e-04
4100 3748.741585 -1.966e-12 7.942540 -0.000000 85.653330 1.647e-04
4200 3750.441061 -1.721e-12 7.973778 -0.000000 86.253794 1.477e-04
4300 3751.969667 3.507e-13 8.002128 -0.000000 86.793702 1.329e-04
4400 3753.348038 1.030e-12 8.027839 -0.000000 87.279674 1.198e-04
4500 3754.594047 4.294e-13 8.051141 -0.000000 87.717633 1.083e-04
4600 3755.723179 1.059e-12 8.072243 -0.000000 88.112856 9.816e-05
4700 3756.748839 -2.215e-12 8.091332 -0.000000 88.470025 8.917e-05
4800 3757.682615 7.363e-13 8.108584 -0.000000 88.793284 8.118e-05
4900 3758.534487 5.542e-13 8.124155 -0.000000 89.086289 7.406e-05
5000 3759.313015 5.142e-14 8.138189 -0.000000 89.352256 6.768e-05
5100 3760.025483 -2.049e-13 8.150817 -0.000000 89.594010 6.194e-05
5200 3760.678031 5.442e-13 8.162155 -0.000000 89.814026 5.673e-05
5300 3761.275764 9.747e-13 8.172312 -0.000000 90.014475 5.197e-05
5400 3761.822840 1.257e-13 8.181384 -0.000000 90.197253 4.756e-05
5500 3762.322560 -5.971e-13 8.189457 -0.000000 90.364023 4.344e-05
5600 3762.777448 -1.008e-12 8.196610 -0.000000 90.516240 3.955e-05
5700 3763.189332 -1.644e-12 8.202911 -0.000000 90.655176 3.581e-05
5800 3763.559426 -2.266e-12 8.208422 -0.000000 90.781930 3.218e-05
5900 3763.888258 5.256e-13 8.213197 -0.000000 90.897339 2.859e-05
6000 3764.172954 -3.375e-13 8.217279 -0.000000 91.000304 2.475e-05
6100 3764.358472 -4.997e-13 8.220614 -0.000000 91.059005 1.613e-05
6200 3764.134140 -1.202e-12 8.222491 -0.000000 90.909001 1.950e-05
6300 3763.492354 2.298e-12 8.222355 -0.000000 90.610528 5.580e-05
6400 3762.706502 -4.966e-13 8.220936 -0.000000 90.297978 6.832e-05
6500 3761.929254 1.834e-12 8.218876 -0.000000 90.010979 6.757e-05
6600 3761.233558 9.942e-13 8.216564 -0.000000 89.763154 6.048e-05
6700 3760.647472 -4.334e-13 8.214220 -0.000000 89.557467 5.095e-05
6800 3760.175475 6.814e-13 8.211962 -0.000000 89.392146 4.103e-05
6900 3759.810614 2.604e-12 8.209844 -0.000000 89.263391 3.172e-05
7000 3759.541080 -4.032e-13 8.207889 -0.000000 89.166653 2.343e-05
7100 3759.353641 -1.296e-12 8.206098 -0.000000 89.097252 1.630e-05
7200 3759.235322 -1.212e-12 8.204464 -0.000000 89.050670 1.029e-05
7300 3759.174176 -2.123e-12 8.202974 -0.000000 89.022700 5.316e-06
7400 3759.159562 -1.780e-13 8.201613 -0.000000 89.009503 1.270e-06
7500 3759.182177 -1.617e-12 8.200368 -0.000000 89.007639 1.966e-06
7600 3759.233977 -3.260e-13 8.199225 -0.000000 89.014075 4.503e-06
7700 3759.308059 -3.003e-13 8.198168 -0.000000 89.026176 6.440e-06
7800 3759.398530 -2.244e-12 8.197186 -0.000000 89.041696 7.865e-06
7900 3759.500391 -4.395e-13 8.196268 -0.000000 89.058762 8.856e-06
8000 3759.609433 3.480e-13 8.195403 -0.000000 89.075848 9.480e-06
8100 3759.722150 -4.562e-13 8.194580 -0.000000 89.091753 9.799e-06
8200 3759.835662 -5.452e-13 8.193792 -0.000000 89.105568 9.868e-06
8300 3759.947643 -1.279e-12 8.193032 -0.000000 89.116644 9.735e-06
8400 3760.056266 -1.744e-12 8.192292 -0.000000 89.124563 9.443e-06
8500 3760.160140 -3.277e-12 8.191567 -0.000000 89.129101 9.031e-06
8600 3760.258257 -1.860e-12 8.190852 -0.000000 89.130195 8.530e-06
8700 3760.349938 -1.500e-12 8.190143 -0.000000 89.127915 7.971e-06
8800 3760.434789 -2.312e-12 8.189438 -0.000000 89.122430 7.377e-06
8900 3760.512647 1.541e-12 8.188733 -0.000000 89.113987 6.769e-06
9000 3760.583541 2.231e-13 8.188026 -0.000000 89.102883 6.163e-06
9100 3760.647653 -1.211e-12 8.187315 -0.000000 89.089448 5.574e-06
9200 3760.705280 -3.916e-12 8.186601 -0.000000 89.074025 5.010e-06
9300 3760.756802 -1.024e-12 8.185882 -0.000000 89.056957 4.479e-06
9400 3760.802658 -1.855e-12 8.185157 -0.000000 89.038579 3.987e-06
9500 3760.843319 -1.333e-12 8.184427 -0.000000 89.019202 3.535e-06
9600 3760.879271 -4.562e-13 8.183692 -0.000000 88.999116 3.126e-06
9700 3760.910998 -2.386e-12 8.182952 -0.000000 88.978576 2.758e-06
9800 3760.938968 -1.185e-12 8.182207 -0.000000 88.957810 2.432e-06
9900 3760.963628 -2.244e-12 8.181459 -0.000000 88.937011 2.144e-06
10000 3760.985393 -1.582e-12 8.180708 -0.000000 88.916339 1.892e-06
10100 3761.004645 -3.335e-12 8.179954 -0.000000 88.895925 1.674e-06
10200 3761.021726 -2.009e-12 8.179198 -0.000000 88.875870 1.485e-06
10300 3761.036940 -1.081e-12 8.178442 -0.000000 88.856248 1.323e-06
10400 3761.050556 -1.332e-12 8.177686 -0.000000 88.837112 1.184e-06
10500 3761.062802 -2.844e-12 8.176930 -0.000000 88.818493 1.065e-06
10600 3761.073876 -5.720e-13 8.176176 -0.000000 88.800405 9.627e-07
10700 3761.083941 -3.359e-12 8.175425 -0.000000 88.782847 8.750e-07
10800 3761.093132 -9.370e-13 8.174676 -0.000000 88.765809 7.991e-07
10900 3761.101560 -2.747e-12 8.173931 -0.000000 88.749269 7.327e-07
11000 3761.109312 -1.612e-12 8.173190 -0.000000 88.733200 6.739e-07
11100 3761.116457 -2.627e-12 8.172454 -0.000000 88.717572 6.211e-07
11200 3761.123046 -1.312e-12 8.171724 -0.000000 88.702350 5.729e-07
11300 3761.129121 -1.608e-14 8.170999 -0.000000 88.687500 5.281e-07
11400 3761.134709 -1.911e-12 8.170281 -0.000000 88.672986 4.858e-07
11500 3761.139831 -1.479e-12 8.169569 -0.000000 88.658775 4.453e-07
11600 3761.144501 -1.310e-12 8.168865 -0.000000 88.644835 4.060e-07
11700 3761.148729 3.218e-13 8.168168 -0.000000 88.631138 3.676e-07
11800 3761.152522 -4.196e-12 8.167478 -0.000000 88.617657 3.298e-07
11900 3761.155886 -3.203e-12 8.166796 -0.000000 88.604369 2.924e-07
12000 3761.158825 -5.778e-13 8.166122 -0.000000 88.591255 2.555e-07
12100 3761.161343 -8.089e-13 8.165456 -0.000000 88.578297 2.189e-07
12200 3761.163446 -2.653e-12 8.164799 -0.000000 88.565482 1.828e-07
12300 3761.165139 -1.524e-12 8.164149 -0.000000 88.552799 1.472e-07
12400 3761.166430 -1.287e-12 8.163508 -0.000000 88.540240 1.123e-07
12500 3761.167329 -1.729e-12 8.162875 -0.000000 88.527799 7.811e-08
12600 3761.167845 -1.643e-12 8.162251 -0.000000 88.515472 4.483e-08
12700 3761.167989 -1.362e-12 8.161635 -0.000000 88.503257 1.257e-08
12800 3761.167776 -1.676e-12 8.161027 -0.000000 88.491154 1.856e-08
12900 3761.167218 -1.151e-12 8.160428 -0.000000 88.479162 4.847e-08
13000 3761.166332 -1.650e-12 8.159837 -0.000000 88.467284 7.706e-08
13100 3761.165133 -2.755e-12 8.159254 -0.000000 88.455521 1.043e-07
13200 3761.163637 -4.851e-13 8.158679 -0.000000 88.443876 1.300e-07
13300 3761.161862 -3.353e-12 8.158112 -0.000000 88.432353 1.543e-07
13400 3761.159824 -9.609e-13 8.157553 -0.000000 88.420953 1.772e-07
13500 3761.157541 -1.810e-13 8.157002 -0.000000 88.409681 1.985e-07
13600 3761.155029 -1.490e-12 8.156459 -0.000000 88.398538 2.183e-07
13700 3761.152307 -2.554e-12 8.155924 -0.000000 88.387529 2.367e-07
13800 3761.149388 -2.974e-12 8.155396 -0.000000 88.376654 2.537e-07
13900 3761.146291 -3.262e-12 8.154876 -0.000000 88.365916 2.693e-07
14000 3761.143029 4.557e-13 8.154363 -0.000000 88.355318 2.836e-07
14100 3761.139617 -3.026e-13 8.153858 -0.000000 88.344860 2.966e-07
14200 3761.136069 -2.171e-12 8.153360 -0.000000 88.334543 3.085e-07
14300 3761.132398 -9.576e-13 8.152869 -0.000000 88.324368 3.192e-07
14400 3761.128616 -1.444e-12 8.152386 -0.000000 88.314336 3.288e-07
14500 3761.124735 -2.880e-13 8.151909 -0.000000 88.304445 3.374e-07
14600 3761.120765 -8.427e-13 8.151439 -0.000000 88.294697 3.451e-07
14700 3761.116716 -1.438e-12 8.150977 -0.000000 88.285089 3.520e-07
14800 3761.112598 -1.598e-12 8.150521 -0.000000 88.275622 3.580e-07
14900 3761.108418 -2.269e-12 8.150071 -0.000000 88.266294 3.634e-07
15000 3761.104186 5.435e-14 8.149629 -0.000000 88.257104 3.680e-07
15100 3761.099906 -8.625e-13 8.149192 -0.000000 88.248051 3.720e-07
15200 3761.095588 -2.070e-13 8.148763 -0.000000 88.239132 3.755e-07
15300 3761.091235 -1.618e-12 8.148339 -0.000000 88.230346 3.784e-07
15400 3761.086854 -2.673e-12 8.147922 -0.000000 88.221691 3.809e-07
15500 3761.082450 -2.688e-12 8.147511 -0.000000 88.213166 3.829e-07
15600 3761.078027 -4.772e-12 8.147106 -0.000000 88.204768 3.845e-07
15700 3761.073589 -3.467e-12 8.146707 -0.000000 88.196495 3.858e-07
15800 3761.069141 -6.750e-13 8.146314 -0.000000 88.188346 3.867e-07
15900 3761.064685 -9.187e-13 8.145927 -0.000000 88.180319 3.874e-07
16000 3761.060224 -8.593e-13 8.145545 -0.000000 88.172411 3.878e-07
16100 3761.055763 -2.511e-12 8.145169 -0.000000 88.164621 3.879e-07
16200 3761.051302 -2.387e-12 8.144799 -0.000000 88.156947 3.878e-07
16300 3761.046845 5.334e-13 8.144434 -0.000000 88.149386 3.875e-07
16400 3761.042394 -1.409e-12 8.144075 -0.000000 88.141937 3.870e-07
16500 3761.037951 -2.720e-12 8.143721 -0.000000 88.134599 3.863e-07
16600 3761.033517 -2.783e-12 8.143372 -0.000000 88.127369 3.854e-07
16700 3761.029095 -2.358e-12 8.143029 -0.000000 88.120246 3.844e-07
16800 3761.024687 -2.815e-12 8.142690 -0.000000 88.113227 3.833e-07
16900 3761.020293 -2.734e-12 8.142357 -0.000000 88.106312 3.820e-07
17000 3761.015915 -5.331e-13 8.142028 -0.000000 88.099498 3.806e-07
17100 3761.011554 -4.655e-13 8.141705 -0.000000 88.092784 3.791e-07
17200 3761.007212 -8.782e-13 8.141386 -0.000000 88.086169 3.775e-07
17300 3761.002890 -2.829e-12 8.141071 -0.000000 88.079650 3.757e-07
17400 3760.998589 -1.485e-12 8.140762 -0.000000 88.073227 3.739e-07
17500 3760.994310 -1.237e-12 8.140457 -0.000000 88.066898 3.720e-07
17600 3760.990054 -2.660e-12 8.140156 -0.000000 88.060660 3.700e-07
17700 3760.985821 -1.721e-12 8.139860 -0.000000 88.054514 3.680e-07
17800 3760.981613 -5.057e-12 8.139568 -0.000000 88.048458 3.658e-07
17900 3760.977431 -3.915e-12 8.139281 -0.000000 88.042489 3.636e-07
18000 3760.973274 -1.722e-12 8.138998 -0.000000 88.036608 3.614e-07
18100 3760.969144 -3.904e-12 8.138719 -0.000000 88.030811 3.590e-07
18200 3760.965042 -1.919e-12 8.138444 -0.000000 88.025099 3.567e-07
18300 3760.960968 -2.114e-12 8.138172 -0.000000 88.019470 3.542e-07
18400 3760.956922 -1.789e-12 8.137905 -0.000000 88.013922 3.517e-07
18500 3760.952905 -4.585e-12 8.137642 -0.000000 88.008455 3.492e-07
18600 3760.948917 -4.801e-12 8.137383 -0.000000 88.003066 3.467e-07
18700 3760.944960 -1.877e-12 8.137127 -0.000000 87.997756 3.441e-07
18800 3760.941033 -2.344e-12 8.136875 -0.000000 87.992522 3.414e-07
18900 3760.937136 -7.191e-13 8.136627 -0.000000 87.987364 3.388e-07
19000 3760.933271 -3.375e-12 8.136382 -0.000000 87.982279 3.361e-07
19100 3760.929436 -3.618e-12 8.136141 -0.000000 87.977269 3.333e-07
19200 3760.925634 -5.267e-12 8.135904 -0.000000 87.972330 3.306e-07
19300 3760.921863 -1.211e-12 8.135669 -0.000000 87.967462 3.278e-07
19400 3760.918124 -1.463e-12 8.135438 -0.000000 87.962663 3.250e-07
19500 3760.914417 -2.934e-12 8.135211 -0.000000 87.957934 3.222e-07
19600 3760.910743 -3.555e-12 8.134987 -0.000000 87.953272 3.194e-07
19700 3760.907101 -3.116e-12 8.134766 -0.000000 87.948677 3.166e-07
19800 3760.903492 -9.115e-13 8.134548 -0.000000 87.944148 3.138e-07
19900 3760.899915 -1.554e-12 8.134333 -0.000000 87.939683 3.109e-07
20000 3760.896372 -2.348e-12 8.134121 -0.000000 87.935282 3.081e-07
20100 3760.892861 -3.760e-12 8.133912 -0.000000 87.930943 3.052e-07
20200 3760.889382 -2.499e-12 8.133707 -0.000000 87.926666 3.024e-07
20300 3760.885937 -4.513e-12 8.133504 -0.000000 87.922450 2.995e-07
20400 3760.882525 -4.115e-12 8.133304 -0.000000 87.918294 2.967e-07
20500 3760.879145 -5.733e-12 8.133107 -0.000000 87.914197 2.938e-07
20600 3760.875798 -9.966e-13 8.132913 -0.000000 87.910158 2.910e-07
20700 3760.872484 -4.384e-12 8.132721 -0.000000 87.906176 2.881e-07
20800 3760.869203 -1.622e-12 8.132532 -0.000000 87.902250 2.853e-07
20900 3760.865954 -4.550e-12 8.132346 -0.000000 87.898380 2.824e-07
21000 3760.862738 -5.100e-12 8.132163 -0.000000 87.894565 2.796e-07
21100 3760.859554 -4.290e-12 8.131982 -0.000000 87.890803 2.768e-07
21200 3760.856402 -2.569e-12 8.131804 -0.000000 87.887094 2.740e-07
21300 3760.853283 -3.816e-12 8.131628 -0.000000 87.883438 2.712e-07
21400 3760.850196 -3.701e-12 8.131454 -0.000000 87.879833 2.684e-07
21500 3760.847141 -2.588e-12 8.131284 -0.000000 87.876278 2.656e-07
21600 3760.844118 -2.505e-12 8.131115 -0.000000 87.872774 2.628e-07
21700 3760.841126 -1.358e-12 8.130949 -0.000000 87.869318 2.601e-07
21800 3760.838166 -9.551e-13 8.130785 -0.000000 87.865911 2.573e-07
21900 3760.835237 -4.857e-12 8.130624 -0.000000 87.862552 2.546e-07
22000 3760.832340 -3.065e-12 8.130464 -0.000000 87.859240 2.519e-07
22100 3760.829473 -5.082e-12 8.130307 -0.000000 87.855974 2.492e-07
22200 3760.826638 -2.453e-12 8.130152 -0.000000 87.852753 2.465e-07
22300 3760.823833 -3.469e-12 8.130000 -0.000000 87.849578 2.439e-07
22400 3760.821058 -7.390e-13 8.129849 -0.000000 87.846447 2.412e-07
22500 3760.818314 -2.876e-12 8.129701 -0.000000 87.843359 2.386e-07
22600 3760.815600 -4.131e-12 8.129554 -0.000000 87.840315 2.360e-07
22700 3760.812916 -3.145e-12 8.129410 -0.000000 87.837313 2.334e-07
22800 3760.810261 -3.317e-12 8.129268 -0.000000 87.834352 2.308e-07
22900 3760.807636 -2.842e-12 8.129127 -0.000000 87.831433 2.282e-07
23000 3760.805040 -4.210e-12 8.128989 -0.000000 87.828554 2.257e-07
23100 3760.802473 -4.352e-12 8.128852 -0.000000 87.825716 2.232e-07
23200 3760.799935 -3.801e-12 8.128718 -0.000000 87.822916 2.207e-07
23300 3760.797426 -2.232e-12 8.128585 -0.000000 87.820155 2.182e-07
23400 3760.794944 -4.486e-12 8.128454 -0.000000 87.817433 2.157e-07
23500 3760.792491 -2.041e-12 8.128325 -0.000000 87.814748 2.133e-07
23600 3760.790066 -3.836e-12 8.128198 -0.000000 87.812100 2.108e-07
23700 3760.787668 -3.021e-12 8.128072 -0.000000 87.809489 2.084e-07
23800 3760.785298 -1.768e-12 8.127949 -0.000000 87.806914 2.061e-07
23900 3760.782955 -4.008e-12 8.127826 -0.000000 87.804375 2.037e-07
24000 3760.780639 -2.098e-12 8.127706 -0.000000 87.801870 2.014e-07
24100 3760.778350 -3.757e-12 8.127587 -0.000000 87.799400 1.990e-07
24200 3760.776087 -1.041e-12 8.127470 -0.000000 87.796964 1.967e-07
24300 3760.773850 -2.686e-12 8.127355 -0.000000 87.794561 1.945e-07
24400 3760.771639 -4.293e-12 8.127241 -0.000000 87.792192 1.922e-07
24500 3760.769454 -4.507e-12 8.127128 -0.000000 87.789855 1.900e-07
24600 3760.767295 -1.916e-12 8.127017 -0.000000 87.787550 1.877e-07
24700 3760.765161 -5.119e-12 8.126908 -0.000000 87.785276 1.855e-07
24800 3760.763052 -2.329e-12 8.126800 -0.000000 87.783034 1.834e-07
24900 3760.760967 -1.635e-12 8.126694 -0.000000 87.780823 1.812e-07
25000 3760.758907 -3.123e-12 8.126589 -0.000000 87.778641 1.791e-07
25100 3760.756872 -2.442e-12 8.126486 -0.000000 87.776490 1.770e-07
25200 3760.754860 -3.919e-12 8.126384 -0.000000 87.774368 1.749e-07
25300 3760.752872 -3.215e-12 8.126283 -0.000000 87.772275 1.728e-07
25400 3760.750908 -4.283e-12 8.126184 -0.000000 87.770211 1.708e-07
25500 3760.748967 -4.702e-12 8.126086 -0.000000 87.768174 1.687e-07
25600 3760.747050 -2.798e-12 8.125989 -0.000000 87.766166 1.667e-07
25700 3760.745155 -5.252e-12 8.125894 -0.000000 87.764185 1.647e-07
25800 3760.743282 -3.434e-12 8.125800 -0.000000 87.762231 1.628e-07
25900 3760.741433 -4.331e-12 8.125707 -0.000000 87.760303 1.608e-07
26000 3760.739605 -4.863e-12 8.125616 -0.000000 87.758402 1.589e-07
26100 3760.737799 -4.626e-12 8.125525 -0.000000 87.756527 1.570e-07
26200 3760.736015 -3.362e-12 8.125436 -0.000000 87.754677 1.551e-07
26300 3760.734252 -3.196e-12 8.125349 -0.000000 87.752852 1.532e-07
26400 3760.732511 -3.630e-12 8.125262 -0.000000 87.751052 1.514e-07
26500 3760.730790 -1.489e-12 8.125177 -0.000000 87.749276 1.496e-07
26600 3760.729091 -4.072e-12 8.125092 -0.000000 87.747524 1.478e-07
26700 3760.727411 -4.700e-12 8.125009 -0.000000 87.745796 1.460e-07
26800 3760.725753 -4.919e-12 8.124927 -0.000000 87.744092 1.442e-07
26900 3760.724114 -3.799e-12 8.124846 -0.000000 87.742410 1.425e-07
27000 3760.722495 -3.071e-12 8.124767 -0.000000 87.740752 1.407e-07
27100 3760.720896 -2.856e-12 8.124688 -0.000000 87.739115 1.390e-07
27200 3760.719316 -2.279e-12 8.124610 -0.000000 87.737501 1.373e-07
27300 3760.717755 -2.230e-12 8.124534 -0.000000 87.735909 1.357e-07
27400 3760.716214 -6.060e-12 8.124458 -0.000000 87.734338 1.340e-07
27500 3760.714691 -5.520e-12 8.124383 -0.000000 87.732788 1.324e-07
27600 3760.713187 -1.455e-12 8.124310 -0.000000 87.731259 1.308e-07
27700 3760.711701 -4.563e-12 8.124237 -0.000000 87.729751 1.292e-07
27800 3760.710234 -3.458e-12 8.124166 -0.000000 87.728263 1.276e-07
27900 3760.708784 -3.671e-12 8.124095 -0.000000 87.726795 1.260e-07
28000 3760.707352 -3.715e-12 8.124025 -0.000000 87.725347 1.245e-07
28100 3760.705938 -3.078e-12 8.123957 -0.000000 87.723918 1.230e-07
28200 3760.704541 -4.268e-12 8.123889 -0.000000 87.722508 1.215e-07
28300 3760.703161 -4.031e-12 8.123822 -0.000000 87.721118 1.200e-07
28400 3760.701798 -3.550e-12 8.123756 -0.000000 87.719745 1.185e-07
28500 3760.700452 -4.473e-12 8.123691 -0.000000 87.718392 1.170e-07
28600 3760.699122 -3.037e-12 8.123626 -0.000000 87.717056 1.156e-07
28700 3760.697809 -4.680e-12 8.123563 -0.000000 87.715739 1.142e-07
28800 3760.696512 -2.204e-12 8.123500 -0.000000 87.714439 1.128e-07
28900 3760.695231 -5.802e-12 8.123439 -0.000000 87.713156 1.114e-07
29000 3760.693966 -2.832e-12 8.123378 -0.000000 87.711891 1.100e-07
29100 3760.692716 -2.013e-12 8.123318 -0.000000 87.710642 1.086e-07
29200 3760.691482 -2.587e-12 8.123258 -0.000000 87.709410 1.073e-07
29300 3760.690263 -4.899e-12 8.123200 -0.000000 87.708195 1.060e-07
29400 3760.689059 -5.690e-12 8.123142 -0.000000 87.706996 1.047e-07
29500 3760.687870 -3.632e-12 8.123085 -0.000000 87.705813 1.034e-07
29600 3760.686695 -2.172e-12 8.123029 -0.000000 87.704645 1.021e-07
29700 3760.685536 -2.791e-12 8.122973 -0.000000 87.703493 1.008e-07
29800 3760.684390 -3.954e-12 8.122919 -0.000000 87.702357 9.958e-08
29900 3760.683259 -4.421e-12 8.122865 -0.000000 87.701235 9.834e-08
30000 3760.682142 -3.167e-12 8.122811 -0.000000 87.700129 9.712e-08
30100 3760.681039 -1.712e-12 8.122759 -0.000000 87.699037 9.592e-08
30200 3760.679949 -3.894e-12 8.122707 -0.000000 87.697960 9.473e-08
30300 3760.678873 -5.411e-12 8.122656 -0.000000 87.696897 9.355e-08
30400 3760.677810 -3.464e-12 8.122605 -0.000000 87.695848 9.239e-08
30500 3760.676761 -3.371e-12 8.122555 -0.000000 87.694813 9.124e-08
30600 3760.675724 -1.193e-12 8.122506 -0.000000 87.693792 9.011e-08
30700 3760.674701 -2.734e-12 8.122458 -0.000000 87.692785 8.898e-08
30800 3760.673690 -3.749e-12 8.122410 -0.000000 87.691790 8.788e-08
30900 3760.672692 -4.790e-12 8.122363 -0.000000 87.690809 8.678e-08
31000 3760.671706 -3.538e-12 8.122316 -0.000000 87.689841 8.570e-08
31100 3760.670733 -2.459e-12 8.122270 -0.000000 87.688886 8.463e-08
31200 3760.669771 -5.600e-12 8.122225 -0.000000 87.687943 8.358e-08
31300 3760.668822 -5.238e-12 8.122180 -0.000000 87.687013 8.254e-08
31400 3760.667884 -3.529e-12 8.122136 -0.000000 87.686095 8.151e-08
31500 3760.666958 -2.905e-12 8.122092 -0.000000 87.685189 8.049e-08
31600 3760.666044 -3.897e-12 8.122049 -0.000000 87.684296 7.949e-08
31700 3760.665141 -4.785e-12 8.122006 -0.000000 87.683414 7.850e-08
31800 3760.664250 -5.224e-12 8.121964 -0.000000 87.682543 7.752e-08
31900 3760.663369 -3.785e-12 8.121923 -0.000000 87.681684 7.655e-08
32000 3760.662500 -2.544e-12 8.121882 -0.000000 87.680837 7.559e-08
32100 3760.661641 -4.743e-12 8.121842 -0.000000 87.680000 7.465e-08
32200 3760.660793 -3.302e-12 8.121802 -0.000000 87.679175 7.371e-08
32300 3760.659956 -5.643e-12 8.121763 -0.000000 87.678361 7.279e-08
32400 3760.659129 -3.698e-12 8.121724 -0.000000 87.677557 7.188e-08
32500 3760.658312 -3.107e-12 8.121686 -0.000000 87.676764 7.098e-08
32600 3760.657506 -4.886e-12 8.121648 -0.000000 87.675981 7.010e-08
32700 3760.656710 -2.216e-12 8.121611 -0.000000 87.675208 6.922e-08
32800 3760.655924 -4.001e-12 8.121574 -0.000000 87.674446 6.835e-08
32900 3760.655147 -8.716e-13 8.121538 -0.000000 87.673694 6.750e-08
33000 3760.654381 -3.923e-12 8.121502 -0.000000 87.672951 6.665e-08
33100 3760.653624 -2.551e-12 8.121467 -0.000000 87.672219 6.582e-08
33200 3760.652876 -5.006e-12 8.121432 -0.000000 87.671496 6.499e-08
33300 3760.652138 -3.756e-12 8.121398 -0.000000 87.670782 6.418e-08
33400 3760.651409 -5.885e-12 8.121364 -0.000000 87.670078 6.337e-08
33500 3760.650689 -3.363e-12 8.121330 -0.000000 87.669383 6.258e-08
33600 3760.649978 -4.327e-12 8.121297 -0.000000 87.668697 6.180e-08
33700 3760.649276 -1.096e-12 8.121264 -0.000000 87.668020 6.102e-08
33800 3760.648583 -5.517e-12 8.121232 -0.000000 87.667352 6.026e-08
33900 3760.647899 -2.474e-12 8.121200 -0.000000 87.666693 5.950e-08
34000 3760.647223 -2.760e-12 8.121169 -0.000000 87.666042 5.875e-08
34100 3760.646556 -4.573e-12 8.121138 -0.000000 87.665400 5.802e-08
34200 3760.645897 -5.301e-12 8.121108 -0.000000 87.664766 5.729e-08
34300 3760.645246 -5.438e-12 8.121077 -0.000000 87.664141 5.657e-08
34400 3760.644604 -4.105e-12 8.121048 -0.000000 87.663523 5.586e-08
34500 3760.643969 -4.742e-12 8.121018 -0.000000 87.662914 5.516e-08
34600 3760.643343 -2.766e-12 8.120989 -0.000000 87.662313 5.447e-08
34700 3760.642724 -4.806e-12 8.120961 -0.000000 87.661719 5.378e-08
34800 3760.642113 -6.186e-12 8.120932 -0.000000 87.661133 5.311e-08
34900 3760.641510 -2.522e-12 8.120905 -0.000000 87.660555 5.244e-08
35000 3760.640914 -4.831e-12 8.120877 -0.000000 87.659985 5.178e-08
35100 3760.640326 -3.747e-12 8.120850 -0.000000 87.659422 5.113e-08
35200 3760.639745 -4.178e-12 8.120823 -0.000000 87.658866 5.049e-08
35300 3760.639172 -6.259e-12 8.120797 -0.000000 87.658317 4.986e-08
35400 3760.638606 -3.665e-12 8.120770 -0.000000 87.657776 4.923e-08
35500 3760.638046 -4.829e-12 8.120745 -0.000000 87.657242 4.861e-08
35600 3760.637494 -2.077e-12 8.120719 -0.000000 87.656714 4.800e-08
35700 3760.636949 -4.850e-12 8.120694 -0.000000 87.656194 4.740e-08
35800 3760.636411 -5.751e-12 8.120669 -0.000000 87.655680 4.680e-08
35900 3760.635879 -3.430e-12 8.120645 -0.000000 87.655173 4.621e-08
36000 3760.635354 -3.312e-12 8.120621 -0.000000 87.654672 4.563e-08
36100 3760.634836 -6.310e-12 8.120597 -0.000000 87.654178 4.506e-08
36200 3760.634324 -3.266e-12 8.120573 -0.000000 87.653691 4.449e-08
36300 3760.633819 -4.105e-12 8.120550 -0.000000 87.653209 4.393e-08
36400 3760.633320 -3.661e-12 8.120527 -0.000000 87.652734 4.338e-08
36500 3760.632827 -2.732e-12 8.120505 -0.000000 87.652265 4.284e-08
36600 3760.632340 -4.265e-12 8.120482 -0.000000 87.651803 4.230e-08
36700 3760.631860 -5.019e-12 8.120460 -0.000000 87.651346 4.177e-08
36800 3760.631386 -5.020e-12 8.120439 -0.000000 87.650895 4.124e-08
36900 3760.630917 -3.456e-12 8.120417 -0.000000 87.650450 4.072e-08
37000 3760.630455 -5.480e-12 8.120396 -0.000000 87.650011 4.021e-08
37100 3760.629998 -3.955e-12 8.120375 -0.000000 87.649577 3.971e-08
37200 3760.629547 -4.220e-12 8.120354 -0.000000 87.649149 3.921e-08
37300 3760.629102 -4.995e-12 8.120334 -0.000000 87.648727 3.871e-08
37400 3760.628662 -2.951e-12 8.120314 -0.000000 87.648310 3.823e-08
37500 3760.628228 -5.476e-12 8.120294 -0.000000 87.647898 3.775e-08
37600 3760.627799 -4.680e-12 8.120274 -0.000000 87.647492 3.727e-08
37700 3760.627376 -4.039e-12 8.120255 -0.000000 87.647091 3.680e-08
37800 3760.626958 -3.582e-12 8.120236 -0.000000 87.646695 3.634e-08
37900 3760.626545 -4.617e-12 8.120217 -0.000000 87.646304 3.588e-08
38000 3760.626137 -4.367e-12 8.120198 -0.000000 87.645919 3.543e-08
38100 3760.625735 -4.253e-12 8.120180 -0.000000 87.645538 3.499e-08
38200 3760.625338 -3.530e-12 8.120162 -0.000000 87.645162 3.455e-08
38300 3760.624945 -3.838e-12 8.120144 -0.000000 87.644791 3.411e-08
38400 3760.624558 -4.195e-12 8.120126 -0.000000 87.644425 3.368e-08
38500 3760.624175 -4.617e-12 8.120109 -0.000000 87.644064 3.326e-08
38600 3760.623798 -5.506e-12 8.120092 -0.000000 87.643707 3.284e-08
38700 3760.623425 -2.214e-12 8.120075 -0.000000 87.643355 3.243e-08
38800 3760.623056 -6.848e-12 8.120058 -0.000000 87.643007 3.202e-08
38900 3760.622693 -5.273e-12 8.120041 -0.000000 87.642664 3.162e-08
39000 3760.622333 -4.949e-12 8.120025 -0.000000 87.642325 3.122e-08
39100 3760.621979 -5.106e-12 8.120009 -0.000000 87.641991 3.083e-08
39200 3760.621629 -5.611e-12 8.119993 -0.000000 87.641661 3.044e-08
39300 3760.621283 -5.363e-12 8.119977 -0.000000 87.641335 3.006e-08
39400 3760.620942 -5.355e-12 8.119962 -0.000000 87.641014 2.968e-08
39500 3760.620605 -5.362e-12 8.119946 -0.000000 87.640696 2.930e-08
39600 3760.620272 -3.790e-12 8.119931 -0.000000 87.640383 2.894e-08
39700 3760.619943 -4.625e-12 8.119916 -0.000000 87.640073 2.857e-08
39800 3760.619619 -4.432e-12 8.119901 -0.000000 87.639768 2.821e-08
39900 3760.619298 -4.057e-12 8.119887 -0.000000 87.639466 2.786e-08
40000 3760.618982 -4.690e-12 8.119872 -0.000000 87.639169 2.751e-08
40100 3760.618669 -4.866e-12 8.119858 -0.000000 87.638875 2.716e-08
40200 3760.618361 -4.915e-12 8.119844 -0.000000 87.638585 2.682e-08
40300 3760.618056 -2.581e-12 8.119830 -0.000000 87.638299 2.648e-08
40400 3760.617755 -2.709e-12 8.119817 -0.000000 87.638016 2.615e-08
40500 3760.617458 -2.994e-12 8.119803 -0.000000 87.637737 2.582e-08
40600 3760.617165 -3.772e-12 8.119790 -0.000000 87.637462 2.550e-08
40700 3760.616875 -3.644e-12 8.119777 -0.000000 87.637190 2.518e-08
40800 3760.616590 -3.121e-12 8.119764 -0.000000 87.636922 2.486e-08
40900 3760.616307 -4.931e-12 8.119751 -0.000000 87.636657 2.455e-08
41000 3760.616028 -6.520e-12 8.119739 -0.000000 87.636395 2.424e-08
41100 3760.615753 -4.925e-12 8.119726 -0.000000 87.636137 2.393e-08
41200 3760.615481 -5.512e-12 8.119714 -0.000000 87.635882 2.363e-08
41300 3760.615213 -5.584e-12 8.119702 -0.000000 87.635630 2.334e-08
41400 3760.614948 -5.083e-12 8.119690 -0.000000 87.635382 2.304e-08
41500 3760.614686 -2.365e-12 8.119678 -0.000000 87.635137 2.275e-08
41600 3760.614428 -3.359e-12 8.119666 -0.000000 87.634895 2.247e-08
41700 3760.614173 -4.503e-12 8.119655 -0.000000 87.634656 2.218e-08
41800 3760.613921 -3.601e-12 8.119643 -0.000000 87.634420 2.190e-08
41900 3760.613672 -2.802e-12 8.119632 -0.000000 87.634187 2.163e-08
42000 3760.613426 -4.451e-12 8.119621 -0.000000 87.633957 2.136e-08
42100 3760.613184 -4.478e-12 8.119610 -0.000000 87.633730 2.109e-08
42200 3760.612944 -3.993e-12 8.119599 -0.000000 87.633506 2.082e-08
42300 3760.612708 -4.337e-12 8.119588 -0.000000 87.633285 2.056e-08
42400 3760.612474 -5.513e-12 8.119578 -0.000000 87.633066 2.030e-08
42500 3760.612243 -2.550e-12 8.119567 -0.000000 87.632851 2.005e-08
42600 3760.612016 -4.799e-12 8.119557 -0.000000 87.632638 1.980e-08
42700 3760.611791 -5.101e-12 8.119547 -0.000000 87.632428 1.955e-08
42800 3760.611569 -3.359e-12 8.119537 -0.000000 87.632220 1.930e-08
42900 3760.611350 -5.570e-12 8.119527 -0.000000 87.632016 1.906e-08
43000 3760.611133 -3.995e-12 8.119517 -0.000000 87.631813 1.882e-08
43100 3760.610919 -4.101e-12 8.119508 -0.000000 87.631614 1.858e-08
43200 3760.610708 -2.797e-12 8.119498 -0.000000 87.631417 1.835e-08
43300 3760.610500 -5.381e-12 8.119489 -0.000000 87.631222 1.812e-08
43400 3760.610294 -2.340e-12 8.119479 -0.000000 87.631030 1.789e-08
43500 3760.610091 -4.751e-12 8.119470 -0.000000 87.630841 1.767e-08
43600 3760.609890 -3.896e-12 8.119461 -0.000000 87.630653 1.744e-08
43700 3760.609692 -2.910e-12 8.119452 -0.000000 87.630469 1.723e-08
43800 3760.609496 -4.809e-12 8.119443 -0.000000 87.630286 1.701e-08
43900 3760.609303 -1.842e-12 8.119435 -0.000000 87.630106 1.679e-08
44000 3760.609113 -4.283e-12 8.119426 -0.000000 87.629928 1.658e-08
44100 3760.608924 -3.626e-12 8.119418 -0.000000 87.629753 1.638e-08
44200 3760.608738 -3.173e-12 8.119409 -0.000000 87.629579 1.617e-08
44300 3760.608555 -5.995e-12 8.119401 -0.000000 87.629408 1.597e-08
44400 3760.608373 -5.989e-12 8.119393 -0.000000 87.629239 1.577e-08
44500 3760.608194 -3.780e-12 8.119385 -0.000000 87.629072 1.557e-08
44600 3760.608017 -4.868e-12 8.119377 -0.000000 87.628908 1.537e-08
44700 3760.607843 -4.214e-12 8.119369 -0.000000 87.628745 1.518e-08
44800 3760.607670 -4.203e-12 8.119361 -0.000000 87.628585 1.499e-08
44900 3760.607500 -5.331e-12 8.119353 -0.000000 87.628426 1.480e-08
45000 3760.607332 -2.293e-12 8.119346 -0.000000 87.628270 1.461e-08
45100 3760.607166 -6.238e-12 8.119338 -0.000000 87.628115 1.443e-08
45200 3760.607002 -6.106e-12 8.119331 -0.000000 87.627963 1.425e-08
45300 3760.606840 -3.916e-12 8.119324 -0.000000 87.627812 1.407e-08
45400 3760.606680 -3.611e-12 8.119317 -0.000000 87.627664 1.389e-08
45500 3760.606523 -4.027e-12 8.119310 -0.000000 87.627517 1.372e-08
45600 3760.606367 -4.230e-12 8.119303 -0.000000 87.627372 1.355e-08
45700 3760.606213 -3.313e-12 8.119296 -0.000000 87.627229 1.338e-08
45800 3760.606061 -3.877e-12 8.119289 -0.000000 87.627088 1.321e-08
45900 3760.605911 -5.075e-12 8.119282 -0.000000 87.626948 1.304e-08
46000 3760.605763 -4.035e-12 8.119275 -0.000000 87.626811 1.288e-08
46100 3760.605616 -6.259e-12 8.119269 -0.000000 87.626675 1.272e-08
46200 3760.605472 -4.606e-12 8.119262 -0.000000 87.626540 1.256e-08
46300 3760.605329 -7.102e-12 8.119256 -0.000000 87.626408 1.240e-08
46400 3760.605188 -4.336e-12 8.119250 -0.000000 87.626277 1.225e-08
46500 3760.605049 -6.660e-12 8.119243 -0.000000 87.626148 1.209e-08
46600 3760.604912 -3.775e-12 8.119237 -0.000000 87.626021 1.194e-08
46700 3760.604776 -4.913e-12 8.119231 -0.000000 87.625895 1.179e-08
46800 3760.604642 -5.179e-12 8.119225 -0.000000 87.625770 1.164e-08
46900 3760.604510 -5.840e-12 8.119219 -0.000000 87.625648 1.150e-08
47000 3760.604380 -4.004e-12 8.119213 -0.000000 87.625526 1.135e-08
47100 3760.604251 -6.231e-12 8.119208 -0.000000 87.625407 1.121e-08
47200 3760.604123 -3.765e-12 8.119202 -0.000000 87.625289 1.107e-08
47300 3760.603998 -3.154e-12 8.119196 -0.000000 87.625172 1.093e-08
47400 3760.603874 -6.913e-12 8.119191 -0.000000 87.625057 1.079e-08
47500 3760.603751 -5.525e-12 8.119185 -0.000000 87.624943 1.066e-08
47600 3760.603630 -5.263e-12 8.119180 -0.000000 87.624831 1.052e-08
47700 3760.603510 -5.144e-12 8.119174 -0.000000 87.624720 1.039e-08
47800 3760.603392 -4.584e-12 8.119169 -0.000000 87.624611 1.026e-08
47900 3760.603276 -5.632e-12 8.119164 -0.000000 87.624503 1.013e-08
48000 3760.603161 -5.945e-12 8.119159 -0.000000 87.624396 1.001e-08
48100 3760.603047 -3.914e-12 8.119154 -0.000000 87.624291 9.880e-09
48200 3760.602935 -3.761e-12 8.119149 -0.000000 87.624187 9.756e-09
48300 3760.602824 -4.833e-12 8.119144 -0.000000 87.624084 9.634e-09
48400 3760.602715 -4.474e-12 8.119139 -0.000000 87.623983 9.513e-09
48500 3760.602607 -4.930e-12 8.119134 -0.000000 87.623883 9.393e-09
48600 3760.602500 -6.146e-12 8.119129 -0.000000 87.623784 9.276e-09
48700 3760.602395 -5.234e-12 8.119124 -0.000000 87.623686 9.159e-09
48800 3760.602291 -4.988e-12 8.119120 -0.000000 87.623590 9.045e-09
48900 3760.602188 -6.191e-12 8.119115 -0.000000 87.623495 8.931e-09
49000 3760.602086 -6.290e-12 8.119111 -0.000000 87.623401 8.819e-09
49100 3760.601986 -5.533e-12 8.119106 -0.000000 87.623308 8.709e-09
49200 3760.601887 -5.169e-12 8.119102 -0.000000 87.623217 8.599e-09
49300 3760.601790 -4.751e-12 8.119097 -0.000000 87.623126 8.492e-09
49400 3760.601693 -4.175e-12 8.119093 -0.000000 87.623037 8.385e-09
49500 3760.601598 -4.637e-12 8.119089 -0.000000 87.622949 8.280e-09
49600 3760.601504 -5.101e-12 8.119084 -0.000000 87.622862 8.176e-09
49700 3760.601411 -4.160e-12 8.119080 -0.000000 87.622776 8.074e-09
49800 3760.601319 -4.128e-12 8.119076 -0.000000 87.622691 7.973e-09
49900 3760.601229 -4.937e-12 8.119072 -0.000000 87.622607 7.873e-09
50000 3760.601139 -6.953e-12 8.119068 -0.000000 87.622525 7.774e-09
50100 3760.601051 -2.256e-12 8.119064 -0.000000 87.622443 7.677e-09
50200 3760.600964 -3.680e-12 8.119060 -0.000000 87.622362 7.580e-09
50300 3760.600878 -3.872e-12 8.119056 -0.000000 87.622283 7.485e-09
50400 3760.600793 -4.726e-12 8.119053 -0.000000 87.622204 7.392e-09
50500 3760.600709 -6.658e-12 8.119049 -0.000000 87.622127 7.299e-09
50600 3760.600626 -4.858e-12 8.119045 -0.000000 87.622050 7.208e-09
50700 3760.600544 -3.463e-12 8.119042 -0.000000 87.621974 7.117e-09
50800 3760.600463 -5.516e-12 8.119038 -0.000000 87.621900 7.028e-09
50900 3760.600383 -4.880e-12 8.119034 -0.000000 87.621826 6.940e-09
51000 3760.600304 -3.095e-12 8.119031 -0.000000 87.621753 6.853e-09
51100 3760.600227 -3.169e-12 8.119027 -0.000000 87.621681 6.767e-09
51200 3760.600150 -4.550e-12 8.119024 -0.000000 87.621610 6.683e-09
51300 3760.600074 -5.241e-12 8.119021 -0.000000 87.621540 6.599e-09
51400 3760.599999 -5.481e-12 8.119017 -0.000000 87.621471 6.516e-09
51500 3760.599925 -6.389e-12 8.119014 -0.000000 87.621402 6.435e-09
51600 3760.599852 -3.304e-12 8.119011 -0.000000 87.621335 6.354e-09
51700 3760.599780 -2.380e-12 8.119007 -0.000000 87.621268 6.274e-09
51800 3760.599708 -5.304e-12 8.119004 -0.000000 87.621202 6.196e-09
51900 3760.599638 -3.761e-12 8.119001 -0.000000 87.621138 6.118e-09
52000 3760.599568 -3.343e-12 8.118998 -0.000000 87.621073 6.042e-09
52100 3760.599500 -4.435e-12 8.118995 -0.000000 87.621010 5.966e-09
52200 3760.599432 -4.489e-12 8.118992 -0.000000 87.620947 5.891e-09
52300 3760.599365 -6.096e-12 8.118989 -0.000000 87.620886 5.818e-09
52400 3760.599299 -4.660e-12 8.118986 -0.000000 87.620825 5.745e-09
52500 3760.599234 -3.718e-12 8.118983 -0.000000 87.620765 5.673e-09
52600 3760.599169 -5.009e-12 8.118980 -0.000000 87.620705 5.602e-09
52700 3760.599106 -5.057e-12 8.118977 -0.000000 87.620646 5.532e-09
52800 3760.599043 -5.148e-12 8.118974 -0.000000 87.620588 5.462e-09
52900 3760.598981 -4.421e-12 8.118972 -0.000000 87.620531 5.394e-09
53000 3760.598920 -3.462e-12 8.118969 -0.000000 87.620475 5.326e-09
53100 3760.598859 -4.726e-12 8.118966 -0.000000 87.620419 5.260e-09
53200 3760.598799 -5.836e-12 8.118964 -0.000000 87.620364 5.194e-09
53300 3760.598740 -6.339e-12 8.118961 -0.000000 87.620309 5.129e-09
53400 3760.598682 -5.512e-12 8.118958 -0.000000 87.620256 5.065e-09
53500 3760.598625 -4.300e-12 8.118956 -0.000000 87.620203 5.001e-09
53600 3760.598568 -4.245e-12 8.118953 -0.000000 87.620150 4.939e-09
53700 3760.598512 -5.099e-12 8.118951 -0.000000 87.620098 4.877e-09
53800 3760.598456 -3.575e-12 8.118948 -0.000000 87.620047 4.816e-09
53900 3760.598402 -5.137e-12 8.118946 -0.000000 87.619997 4.756e-09
54000 3760.598348 -6.785e-12 8.118943 -0.000000 87.619947 4.696e-09
54100 3760.598294 -5.703e-12 8.118941 -0.000000 87.619898 4.638e-09
54200 3760.598242 -5.003e-12 8.118939 -0.000000 87.619849 4.579e-09
54300 3760.598190 -5.741e-12 8.118936 -0.000000 87.619801 4.522e-09
54400 3760.598138 -5.840e-12 8.118934 -0.000000 87.619754 4.466e-09
54500 3760.598087 -4.310e-12 8.118932 -0.000000 87.619707 4.410e-09
54600 3760.598037 -5.731e-12 8.118930 -0.000000 87.619661 4.355e-09
54700 3760.597988 -5.520e-12 8.118927 -0.000000 87.619616 4.300e-09
54800 3760.597939 -5.416e-12 8.118925 -0.000000 87.619571 4.246e-09
54900 3760.597891 -5.654e-12 8.118923 -0.000000 87.619526 4.193e-09
55000 3760.597843 -3.270e-12 8.118921 -0.000000 87.619482 4.141e-09
55100 3760.597796 -3.342e-12 8.118919 -0.000000 87.619439 4.089e-09
55200 3760.597750 -3.876e-12 8.118917 -0.000000 87.619396 4.038e-09
55300 3760.597704 -5.024e-12 8.118915 -0.000000 87.619354 3.987e-09
55400 3760.597659 -5.521e-12 8.118913 -0.000000 87.619312 3.938e-09
55500 3760.597614 -3.565e-12 8.118911 -0.000000 87.619271 3.888e-09
55600 3760.597570 -5.415e-12 8.118909 -0.000000 87.619230 3.840e-09
55700 3760.597526 -5.857e-12 8.118907 -0.000000 87.619190 3.792e-09
55800 3760.597483 -4.418e-12 8.118905 -0.000000 87.619151 3.744e-09
55900 3760.597440 -2.872e-12 8.118903 -0.000000 87.619111 3.697e-09
56000 3760.597398 -3.677e-12 8.118901 -0.000000 87.619073 3.651e-09
56100 3760.597357 -4.763e-12 8.118899 -0.000000 87.619035 3.606e-09
56200 3760.597316 -5.525e-12 8.118897 -0.000000 87.618997 3.560e-09
56300 3760.597276 -6.149e-12 8.118896 -0.000000 87.618960 3.516e-09
56400 3760.597236 -4.272e-12 8.118894 -0.000000 87.618923 3.472e-09
56500 3760.597196 -5.434e-12 8.118892 -0.000000 87.618887 3.429e-09
56600 3760.597157 -5.995e-12 8.118890 -0.000000 87.618851 3.386e-09
56700 3760.597119 -4.994e-12 8.118889 -0.000000 87.618815 3.343e-09
56800 3760.597081 -4.239e-12 8.118887 -0.000000 87.618780 3.302e-09
56900 3760.597043 -4.230e-12 8.118885 -0.000000 87.618746 3.260e-09
57000 3760.597006 -4.350e-12 8.118884 -0.000000 87.618712 3.220e-09
57100 3760.596970 -3.967e-12 8.118882 -0.000000 87.618678 3.179e-09
57200 3760.596934 -3.762e-12 8.118880 -0.000000 87.618645 3.140e-09
57300 3760.596898 -4.297e-12 8.118879 -0.000000 87.618612 3.100e-09
57400 3760.596863 -4.577e-12 8.118877 -0.000000 87.618580 3.062e-09
57500 3760.596828 -3.529e-12 8.118876 -0.000000 87.618548 3.023e-09
57600 3760.596794 -5.938e-12 8.118874 -0.000000 87.618516 2.986e-09
57700 3760.596760 -3.780e-12 8.118873 -0.000000 87.618485 2.948e-09
57800 3760.596726 -5.418e-12 8.118871 -0.000000 87.618454 2.912e-09
57900 3760.596693 -3.622e-12 8.118870 -0.000000 87.618424 2.875e-09
58000 3760.596660 -5.367e-12 8.118868 -0.000000 87.618394 2.839e-09
58100 3760.596628 -5.500e-12 8.118867 -0.000000 87.618364 2.804e-09
58200 3760.596596 -4.416e-12 8.118865 -0.000000 87.618335 2.769e-09
58300 3760.596565 -4.572e-12 8.118864 -0.000000 87.618306 2.734e-09
58400 3760.596534 -5.348e-12 8.118863 -0.000000 87.618277 2.700e-09
58500 3760.596503 -5.822e-12 8.118861 -0.000000 87.618249 2.666e-09
58600 3760.596473 -4.370e-12 8.118860 -0.000000 87.618221 2.633e-09
58700 3760.596443 -4.517e-12 8.118859 -0.000000 87.618194 2.600e-09
58800 3760.596413 -5.435e-12 8.118857 -0.000000 87.618167 2.568e-09
58900 3760.596384 -3.371e-12 8.118856 -0.000000 87.618140 2.536e-09
59000 3760.596356 -5.165e-12 8.118855 -0.000000 87.618113 2.504e-09
59100 3760.596327 -4.606e-12 8.118853 -0.000000 87.618087 2.473e-09
59200 3760.596299 -4.567e-12 8.118852 -0.000000 87.618061 2.442e-09
59300 3760.596271 -5.216e-12 8.118851 -0.000000 87.618036 2.411e-09
59400 3760.596244 -5.764e-12 8.118850 -0.000000 87.618011 2.381e-09
59500 3760.596217 -5.656e-12 8.118848 -0.000000 87.617986 2.351e-09
59600 3760.596190 -4.374e-12 8.118847 -0.000000 87.617961 2.322e-09
59700 3760.596164 -5.450e-12 8.118846 -0.000000 87.617937 2.293e-09
59800 3760.596138 -5.891e-12 8.118845 -0.000000 87.617913 2.264e-09
59900 3760.596112 -3.569e-12 8.118844 -0.000000 87.617889 2.236e-09
60000 3760.596087 -5.429e-12 8.118843 -0.000000 87.617866 2.208e-09
60100 3760.596061 -3.924e-12 8.118842 -0.000000 87.617843 2.181e-09
60200 3760.596037 -3.647e-12 8.118840 -0.000000 87.617820 2.153e-09
60300 3760.596012 -7.697e-12 8.118839 -0.000000 87.617798 2.127e-09
60400 3760.595988 -6.876e-12 8.118838 -0.000000 87.617776 2.100e-09
60500 3760.595964 -4.424e-12 8.118837 -0.000000 87.617754 2.074e-09
60600 3760.595941 -4.948e-12 8.118836 -0.000000 87.617732 2.048e-09
60700 3760.595917 -4.016e-12 8.118835 -0.000000 87.617711 2.022e-09
60800 3760.595894 -5.943e-12 8.118834 -0.000000 87.617689 1.997e-09
60900 3760.595872 -6.117e-12 8.118833 -0.000000 87.617669 1.972e-09
61000 3760.595849 -4.823e-12 8.118832 -0.000000 87.617648 1.948e-09
61100 3760.595827 -4.340e-12 8.118831 -0.000000 87.617628 1.923e-09
61200 3760.595805 -4.698e-12 8.118830 -0.000000 87.617608 1.899e-09
61300 3760.595784 -6.205e-12 8.118829 -0.000000 87.617588 1.876e-09
61400 3760.595763 -5.778e-12 8.118828 -0.000000 87.617568 1.852e-09
61500 3760.595741 -5.240e-12 8.118827 -0.000000 87.617549 1.829e-09
61600 3760.595721 -3.602e-12 8.118826 -0.000000 87.617530 1.806e-09
61700 3760.595700 -4.039e-12 8.118826 -0.000000 87.617511 1.784e-09
61800 3760.595680 -6.132e-12 8.118825 -0.000000 87.617492 1.761e-09
61900 3760.595660 -3.792e-12 8.118824 -0.000000 87.617474 1.739e-09
62000 3760.595640 -5.117e-12 8.118823 -0.000000 87.617456 1.718e-09
62100 3760.595621 -5.944e-12 8.118822 -0.000000 87.617438 1.696e-09
62200 3760.595601 -6.433e-12 8.118821 -0.000000 87.617420 1.675e-09
62300 3760.595582 -6.998e-12 8.118820 -0.000000 87.617403 1.654e-09
62400 3760.595564 -4.944e-12 8.118819 -0.000000 87.617386 1.634e-09
62500 3760.595545 -3.420e-12 8.118819 -0.000000 87.617369 1.613e-09
62600 3760.595527 -6.471e-12 8.118818 -0.000000 87.617352 1.593e-09
62700 3760.595509 -4.499e-12 8.118817 -0.000000 87.617335 1.573e-09
62800 3760.595491 -7.524e-12 8.118816 -0.000000 87.617319 1.554e-09
62900 3760.595473 -5.089e-12 8.118815 -0.000000 87.617302 1.534e-09
63000 3760.595456 -4.087e-12 8.118815 -0.000000 87.617286 1.515e-09
63100 3760.595438 -5.305e-12 8.118814 -0.000000 87.617271 1.496e-09
63200 3760.595421 -5.364e-12 8.118813 -0.000000 87.617255 1.477e-09
63300 3760.595405 -3.754e-12 8.118812 -0.000000 87.617240 1.459e-09
63400 3760.595388 -5.485e-12 8.118812 -0.000000 87.617224 1.441e-09
63500 3760.595372 -5.705e-12 8.118811 -0.000000 87.617209 1.423e-09
63600 3760.595356 -7.170e-12 8.118810 -0.000000 87.617195 1.405e-09
63700 3760.595340 -4.871e-12 8.118809 -0.000000 87.617180 1.388e-09
63800 3760.595324 -4.481e-12 8.118809 -0.000000 87.617165 1.370e-09
63900 3760.595308 -5.758e-12 8.118808 -0.000000 87.617151 1.353e-09
64000 3760.595293 -5.468e-12 8.118807 -0.000000 87.617137 1.336e-09
64100 3760.595278 -5.610e-12 8.118807 -0.000000 87.617123 1.320e-09
64200 3760.595263 -4.495e-12 8.118806 -0.000000 87.617109 1.303e-09
64300 3760.595248 -4.527e-12 8.118805 -0.000000 87.617096 1.287e-09
64400 3760.595233 -4.030e-12 8.118805 -0.000000 87.617082 1.271e-09
64500 3760.595219 -5.653e-12 8.118804 -0.000000 87.617069 1.255e-09
64600 3760.595205 -6.272e-12 8.118803 -0.000000 87.617056 1.239e-09
64700 3760.595191 -5.229e-12 8.118803 -0.000000 87.617043 1.224e-09
64800 3760.595177 -5.077e-12 8.118802 -0.000000 87.617030 1.209e-09
64900 3760.595163 -5.663e-12 8.118802 -0.000000 87.617018 1.194e-09
65000 3760.595149 -4.239e-12 8.118801 -0.000000 87.617005 1.179e-09
65100 3760.595136 -4.140e-12 8.118800 -0.000000 87.616993 1.164e-09
65200 3760.595123 -3.741e-12 8.118800 -0.000000 87.616981 1.150e-09
65300 3760.595110 -3.468e-12 8.118799 -0.000000 87.616969 1.135e-09
65400 3760.595097 -3.988e-12 8.118799 -0.000000 87.616957 1.121e-09
65500 3760.595084 -5.031e-12 8.118798 -0.000000 87.616945 1.107e-09
65600 3760.595071 -3.913e-12 8.118798 -0.000000 87.616934 1.093e-09
65700 3760.595059 -5.257e-12 8.118797 -0.000000 87.616922 1.080e-09
65800 3760.595047 -4.187e-12 8.118796 -0.000000 87.616911 1.066e-09
65900 3760.595035 -5.232e-12 8.118796 -0.000000 87.616900 1.053e-09
66000 3760.595023 -2.761e-12 8.118795 -0.000000 87.616889 1.040e-09
66100 3760.595011 -5.314e-12 8.118795 -0.000000 87.616878 1.027e-09
66200 3760.594999 -5.588e-12 8.118794 -0.000000 87.616868 1.014e-09
66300 3760.594988 -5.284e-12 8.118794 -0.000000 87.616857 1.001e-09
66400 3760.594976 -4.572e-12 8.118793 -0.000000 87.616847 9.889e-10
66500 3760.594965 -6.846e-12 8.118793 -0.000000 87.616836 9.766e-10
66600 3760.594954 -4.554e-12 8.118792 -0.000000 87.616826 9.644e-10
66700 3760.594943 -5.929e-12 8.118792 -0.000000 87.616816 9.524e-10
66800 3760.594932 -5.338e-12 8.118791 -0.000000 87.616806 9.405e-10
66900 3760.594922 -4.659e-12 8.118791 -0.000000 87.616796 9.288e-10
67000 3760.594911 -6.276e-12 8.118790 -0.000000 87.616787 9.172e-10
67100 3760.594901 -6.991e-12 8.118790 -0.000000 87.616777 9.058e-10
67200 3760.594890 -4.725e-12 8.118790 -0.000000 87.616768 8.945e-10
67300 3760.594880 -7.088e-12 8.118789 -0.000000 87.616758 8.834e-10
67400 3760.594870 -4.329e-12 8.118789 -0.000000 87.616749 8.724e-10
67500 3760.594860 -4.688e-12 8.118788 -0.000000 87.616740 8.615e-10
67600 3760.594850 -6.115e-12 8.118788 -0.000000 87.616731 8.508e-10
67700 3760.594841 -6.423e-12 8.118787 -0.000000 87.616722 8.402e-10
67800 3760.594831 -2.358e-12 8.118787 -0.000000 87.616713 8.297e-10
67900 3760.594822 -3.288e-12 8.118786 -0.000000 87.616705 8.193e-10
68000 3760.594812 -5.421e-12 8.118786 -0.000000 87.616696 8.091e-10
68100 3760.594803 -3.495e-12 8.118786 -0.000000 87.616688 7.991e-10
68200 3760.594794 -4.541e-12 8.118785 -0.000000 87.616680 7.891e-10
68300 3760.594785 -4.278e-12 8.118785 -0.000000 87.616671 7.793e-10
68400 3760.594776 -5.154e-12 8.118784 -0.000000 87.616663 7.696e-10
68500 3760.594768 -4.668e-12 8.118784 -0.000000 87.616655 7.600e-10
68600 3760.594759 -4.616e-12 8.118784 -0.000000 87.616647 7.505e-10
68700 3760.594751 -5.033e-12 8.118783 -0.000000 87.616639 7.412e-10
68800 3760.594742 -4.568e-12 8.118783 -0.000000 87.616632 7.319e-10
68900 3760.594734 -6.099e-12 8.118783 -0.000000 87.616624 7.228e-10
69000 3760.594726 -5.535e-12 8.118782 -0.000000 87.616617 7.138e-10
69100 3760.594717 -3.782e-12 8.118782 -0.000000 87.616609 7.049e-10
69200 3760.594709 -3.189e-12 8.118781 -0.000000 87.616602 6.961e-10
69300 3760.594702 -4.910e-12 8.118781 -0.000000 87.616595 6.875e-10
69400 3760.594694 -3.108e-12 8.118781 -0.000000 87.616587 6.789e-10
69500 3760.594686 -3.796e-12 8.118780 -0.000000 87.616580 6.704e-10
69600 3760.594678 -5.101e-12 8.118780 -0.000000 87.616573 6.621e-10
69700 3760.594671 -6.222e-12 8.118780 -0.000000 87.616566 6.538e-10
69800 3760.594663 -5.306e-12 8.118779 -0.000000 87.616560 6.457e-10
69900 3760.594656 -5.271e-12 8.118779 -0.000000 87.616553 6.377e-10
70000 3760.594649 -4.843e-12 8.118779 -0.000000 87.616546 6.297e-10
70100 3760.594642 -4.694e-12 8.118778 -0.000000 87.616540 6.219e-10
70200 3760.594635 -3.471e-12 8.118778 -0.000000 87.616533 6.141e-10
70300 3760.594628 -5.066e-12 8.118778 -0.000000 87.616527 6.065e-10
70400 3760.594621 -3.600e-12 8.118778 -0.000000 87.616521 5.989e-10
70500 3760.594614 -3.893e-12 8.118777 -0.000000 87.616514 5.915e-10
70600 3760.594607 -4.536e-12 8.118777 -0.000000 87.616508 5.841e-10
70700 3760.594601 -2.607e-12 8.118777 -0.000000 87.616502 5.768e-10
70800 3760.594594 -3.804e-12 8.118776 -0.000000 87.616496 5.697e-10
70900 3760.594588 -4.629e-12 8.118776 -0.000000 87.616490 5.626e-10
71000 3760.594581 -3.217e-12 8.118776 -0.000000 87.616484 5.556e-10
71100 3760.594575 -6.774e-12 8.118776 -0.000000 87.616478 5.486e-10
71200 3760.594569 -5.103e-12 8.118775 -0.000000 87.616473 5.418e-10
71300 3760.594563 -3.892e-12 8.118775 -0.000000 87.616467 5.351e-10
71400 3760.594556 -4.298e-12 8.118775 -0.000000 87.616462 5.284e-10
71500 3760.594550 -5.753e-12 8.118774 -0.000000 87.616456 5.218e-10
71600 3760.594545 -5.188e-12 8.118774 -0.000000 87.616451 5.153e-10
71700 3760.594539 -3.870e-12 8.118774 -0.000000 87.616445 5.089e-10
71800 3760.594533 -3.757e-12 8.118774 -0.000000 87.616440 5.026e-10
71900 3760.594527 -4.700e-12 8.118773 -0.000000 87.616435 4.963e-10
72000 3760.594522 -7.335e-12 8.118773 -0.000000 87.616430 4.901e-10
72100 3760.594516 -5.441e-12 8.118773 -0.000000 87.616424 4.840e-10
72200 3760.594510 -4.888e-12 8.118773 -0.000000 87.616419 4.780e-10
72300 3760.594505 -4.438e-12 8.118772 -0.000000 87.616414 4.721e-10
72400 3760.594500 -4.676e-12 8.118772 -0.000000 87.616410 4.662e-10
72500 3760.594494 -5.865e-12 8.118772 -0.000000 87.616405 4.604e-10
72600 3760.594489 -4.954e-12 8.118772 -0.000000 87.616400 4.546e-10
72700 3760.594484 -5.626e-12 8.118771 -0.000000 87.616395 4.490e-10
72800 3760.594479 -3.149e-12 8.118771 -0.000000 87.616390 4.434e-10
72900 3760.594474 -5.860e-12 8.118771 -0.000000 87.616386 4.379e-10
73000 3760.594469 -4.550e-12 8.118771 -0.000000 87.616381 4.324e-10
73100 3760.594464 -4.958e-12 8.118771 -0.000000 87.616377 4.270e-10
73200 3760.594459 -3.903e-12 8.118770 -0.000000 87.616372 4.217e-10
73300 3760.594454 -3.369e-12 8.118770 -0.000000 87.616368 4.165e-10
73400 3760.594450 -5.148e-12 8.118770 -0.000000 87.616364 4.113e-10
73500 3760.594445 -4.942e-12 8.118770 -0.000000 87.616359 4.062e-10
73600 3760.594440 -6.056e-12 8.118770 -0.000000 87.616355 4.011e-10
73700 3760.594436 -4.652e-12 8.118769 -0.000000 87.616351 3.961e-10
73800 3760.594431 -4.886e-12 8.118769 -0.000000 87.616347 3.912e-10
73900 3760.594427 -5.455e-12 8.118769 -0.000000 87.616343 3.863e-10
74000 3760.594422 -7.226e-12 8.118769 -0.000000 87.616339 3.815e-10
74100 3760.594418 -4.591e-12 8.118769 -0.000000 87.616335 3.768e-10
74200 3760.594414 -5.432e-12 8.118768 -0.000000 87.616331 3.721e-10
74300 3760.594410 -5.288e-12 8.118768 -0.000000 87.616327 3.674e-10
74400 3760.594405 -6.578e-12 8.118768 -0.000000 87.616323 3.629e-10
74500 3760.594401 -3.446e-12 8.118768 -0.000000 87.616319 3.584e-10
74600 3760.594397 -7.102e-12 8.118768 -0.000000 87.616316 3.539e-10
74700 3760.594393 -4.638e-12 8.118767 -0.000000 87.616312 3.495e-10
74800 3760.594389 -6.443e-12 8.118767 -0.000000 87.616308 3.451e-10
74900 3760.594385 -5.579e-12 8.118767 -0.000000 87.616305 3.409e-10
75000 3760.594381 -3.703e-12 8.118767 -0.000000 87.616301 3.366e-10
75100 3760.594378 -6.327e-12 8.118767 -0.000000 87.616298 3.324e-10
75200 3760.594374 -6.768e-12 8.118767 -0.000000 87.616294 3.283e-10
75300 3760.594370 -4.323e-12 8.118766 -0.000000 87.616291 3.242e-10
75400 3760.594366 -4.249e-12 8.118766 -0.000000 87.616287 3.202e-10
75500 3760.594363 -7.564e-12 8.118766 -0.000000 87.616284 3.162e-10
75600 3760.594359 -5.720e-12 8.118766 -0.000000 87.616281 3.122e-10
75700 3760.594356 -6.176e-12 8.118766 -0.000000 87.616278 3.084e-10
75800 3760.594352 -4.190e-12 8.118766 -0.000000 87.616274 3.045e-10
75900 3760.594349 -5.389e-12 8.118765 -0.000000 87.616271 3.007e-10
76000 3760.594345 -6.256e-12 8.118765 -0.000000 87.616268 2.970e-10
76100 3760.594342 -6.327e-12 8.118765 -0.000000 87.616265 2.933e-10
76200 3760.594339 -5.757e-12 8.118765 -0.000000 87.616262 2.896e-10
76300 3760.594335 -4.823e-12 8.118765 -0.000000 87.616259 2.860e-10
76400 3760.594332 -3.879e-12 8.118765 -0.000000 87.616256 2.825e-10
76500 3760.594329 -5.568e-12 8.118765 -0.000000 87.616253 2.790e-10
76600 3760.594326 -5.335e-12 8.118764 -0.000000 87.616250 2.755e-10
76700 3760.594323 -6.286e-12 8.118764 -0.000000 87.616247 2.721e-10
76800 3760.594319 -4.366e-12 8.118764 -0.000000 87.616244 2.687e-10
76900 3760.594316 -2.617e-12 8.118764 -0.000000 87.616242 2.653e-10
77000 3760.594313 -5.803e-12 8.118764 -0.000000 87.616239 2.620e-10
77100 3760.594310 -5.611e-12 8.118764 -0.000000 87.616236 2.588e-10
77200 3760.594307 -5.755e-12 8.118764 -0.000000 87.616233 2.556e-10
77300 3760.594305 -4.710e-12 8.118764 -0.000000 87.616231 2.524e-10
77400 3760.594302 -5.733e-12 8.118763 -0.000000 87.616228 2.492e-10
77500 3760.594299 -4.927e-12 8.118763 -0.000000 87.616226 2.461e-10
77600 3760.594296 -5.430e-12 8.118763 -0.000000 87.616223 2.431e-10
77700 3760.594293 -6.032e-12 8.118763 -0.000000 87.616220 2.401e-10
77800 3760.594291 -4.605e-12 8.118763 -0.000000 87.616218 2.371e-10
77900 3760.594288 -6.654e-12 8.118763 -0.000000 87.616215 2.341e-10
78000 3760.594285 -6.041e-12 8.118763 -0.000000 87.616213 2.312e-10
78100 3760.594283 -5.295e-12 8.118763 -0.000000 87.616211 2.283e-10
78200 3760.594280 -3.957e-12 8.118762 -0.000000 87.616208 2.255e-10
78300 3760.594277 -4.643e-12 8.118762 -0.000000 87.616206 2.227e-10
78400 3760.594275 -4.612e-12 8.118762 -0.000000 87.616204 2.199e-10
78500 3760.594272 -5.596e-12 8.118762 -0.000000 87.616201 2.172e-10
78600 3760.594270 -4.885e-12 8.118762 -0.000000 87.616199 2.145e-10
78700 3760.594267 -4.796e-12 8.118762 -0.000000 87.616197 2.118e-10
78800 3760.594265 -5.806e-12 8.118762 -0.000000 87.616195 2.092e-10
78900 3760.594263 -4.895e-12 8.118762 -0.000000 87.616192 2.066e-10
79000 3760.594260 -5.432e-12 8.118762 -0.000000 87.616190 2.040e-10
79100 3760.594258 -4.981e-12 8.118761 -0.000000 87.616188 2.015e-10
79200 3760.594256 -3.854e-12 8.118761 -0.000000 87.616186 1.990e-10
79300 3760.594253 -5.935e-12 8.118761 -0.000000 87.616184 1.965e-10
79400 3760.594251 -5.324e-12 8.118761 -0.000000 87.616182 1.941e-10
79500 3760.594249 -4.782e-12 8.118761 -0.000000 87.616180 1.916e-10
79600 3760.594247 -6.002e-12 8.118761 -0.000000 87.616178 1.893e-10
79700 3760.594245 -5.051e-12 8.118761 -0.000000 87.616176 1.869e-10
79800 3760.594243 -3.631e-12 8.118761 -0.000000 87.616174 1.846e-10
79900 3760.594241 -5.521e-12 8.118761 -0.000000 87.616172 1.823e-10
80000 3760.594238 -5.439e-12 8.118761 -0.000000 87.616170 1.800e-10
80100 3760.594236 -5.433e-12 8.118760 -0.000000 87.616168 1.778e-10
80200 3760.594234 -5.964e-12 8.118760 -0.000000 87.616166 1.756e-10
80300 3760.594232 -6.305e-12 8.118760 -0.000000 87.616165 1.734e-10
80400 3760.594230 -4.760e-12 8.118760 -0.000000 87.616163 1.712e-10
80500 3760.594228 -6.276e-12 8.118760 -0.000000 87.616161 1.691e-10
80600 3760.594227 -6.472e-12 8.118760 -0.000000 87.616159 1.670e-10
80700 3760.594225 -3.799e-12 8.118760 -0.000000 87.616158 1.649e-10
80800 3760.594223 -4.679e-12 8.118760 -0.000000 87.616156 1.629e-10
80900 3760.594221 -5.219e-12 8.118760 -0.000000 87.616154 1.608e-10
81000 3760.594219 -6.583e-12 8.118760 -0.000000 87.616153 1.588e-10
81100 3760.594217 -6.551e-12 8.118760 -0.000000 87.616151 1.569e-10
81200 3760.594216 -4.989e-12 8.118760 -0.000000 87.616149 1.549e-10
81300 3760.594214 -4.458e-12 8.118759 -0.000000 87.616148 1.530e-10
81400 3760.594212 -6.906e-12 8.118759 -0.000000 87.616146 1.511e-10
81500 3760.594210 -7.476e-12 8.118759 -0.000000 87.616144 1.492e-10
81600 3760.594209 -5.135e-12 8.118759 -0.000000 87.616143 1.474e-10
81700 3760.594207 -5.253e-12 8.118759 -0.000000 87.616141 1.455e-10
81800 3760.594205 -4.831e-12 8.118759 -0.000000 87.616140 1.437e-10
81900 3760.594204 -4.687e-12 8.118759 -0.000000 87.616138 1.419e-10
82000 3760.594202 -4.055e-12 8.118759 -0.000000 87.616137 1.402e-10
82100 3760.594200 -3.511e-12 8.118759 -0.000000 87.616135 1.384e-10
82200 3760.594199 -5.207e-12 8.118759 -0.000000 87.616134 1.367e-10
82300 3760.594197 -5.056e-12 8.118759 -0.000000 87.616133 1.350e-10
82400 3760.594196 -3.743e-12 8.118759 -0.000000 87.616131 1.333e-10
82500 3760.594194 -4.983e-12 8.118759 -0.000000 87.616130 1.317e-10
82600 3760.594193 -4.493e-12 8.118759 -0.000000 87.616128 1.300e-10
82700 3760.594191 -5.391e-12 8.118758 -0.000000 87.616127 1.284e-10
82800 3760.594190 -4.912e-12 8.118758 -0.000000 87.616126 1.268e-10
82900 3760.594188 -7.324e-12 8.118758 -0.000000 87.616124 1.252e-10
83000 3760.594187 -3.857e-12 8.118758 -0.000000 87.616123 1.237e-10
83100 3760.594186 -4.610e-12 8.118758 -0.000000 87.616122 1.221e-10
83200 3760.594184 -6.102e-12 8.118758 -0.000000 87.616121 1.206e-10
83300 3760.594183 -5.616e-12 8.118758 -0.000000 87.616119 1.191e-10
83400 3760.594181 -4.995e-12 8.118758 -0.000000 87.616118 1.176e-10
83500 3760.594180 -6.873e-12 8.118758 -0.000000 87.616117 1.162e-10
83600 3760.594179 -5.331e-12 8.118758 -0.000000 87.616116 1.147e-10
83700 3760.594177 -6.963e-12 8.118758 -0.000000 87.616114 1.133e-10
83800 3760.594176 -7.026e-12 8.118758 -0.000000 87.616113 1.119e-10
83900 3760.594175 -3.786e-12 8.118758 -0.000000 87.616112 1.105e-10
84000 3760.594174 -7.806e-12 8.118758 -0.000000 87.616111 1.091e-10
84100 3760.594172 -5.379e-12 8.118758 -0.000000 87.616110 1.078e-10
84200 3760.594171 -5.347e-12 8.118758 -0.000000 87.616109 1.064e-10
84300 3760.594170 -4.754e-12 8.118758 -0.000000 87.616108 1.051e-10
84400 3760.594169 -3.855e-12 8.118757 -0.000000 87.616106 1.038e-10
84500 3760.594168 -3.216e-12 8.118757 -0.000000 87.616105 1.025e-10
84600 3760.594166 -5.694e-12 8.118757 -0.000000 87.616104 1.012e-10
84700 3760.594165 -6.522e-12 8.118757 -0.000000 87.616103 9.998e-11
84800 3760.594164 -3.613e-12 8.118757 -0.000000 87.616102 9.874e-11
84900 3760.594163 -5.925e-12 8.118757 -0.000000 87.616101 9.751e-11
85000 3760.594162 -4.410e-12 8.118757 -0.000000 87.616100 9.630e-11
85100 3760.594161 -5.752e-12 8.118757 -0.000000 87.616099 9.510e-11
85200 3760.594160 -5.937e-12 8.118757 -0.000000 87.616098 9.392e-11
85300 3760.594159 -4.405e-12 8.118757 -0.000000 87.616097 9.276e-11
85400 3760.594158 -5.517e-12 8.118757 -0.000000 87.616096 9.160e-11
85500 3760.594157 -4.976e-12 8.118757 -0.000000 87.616095 9.046e-11
85600 3760.594156 -4.954e-12 8.118757 -0.000000 87.616094 8.934e-11
85700 3760.594155 -4.897e-12 8.118757 -0.000000 87.616093 8.823e-11
85800 3760.594154 -3.238e-12 8.118757 -0.000000 87.616093 8.713e-11
85900 3760.594153 -6.218e-12 8.118757 -0.000000 87.616092 8.605e-11
86000 3760.594152 -5.229e-12 8.118757 -0.000000 87.616091 8.498e-11
86100 3760.594151 -5.165e-12 8.118757 -0.000000 87.616090 8.392e-11
86200 3760.594150 -5.986e-12 8.118757 -0.000000 87.616089 8.288e-11
86300 3760.594149 -6.433e-12 8.118757 -0.000000 87.616088 8.185e-11
86400 3760.594148 -6.332e-12 8.118757 -0.000000 87.616087 8.083e-11
86500 3760.594147 -6.548e-12 8.118757 -0.000000 87.616086 7.983e-11
86600 3760.594146 -6.446e-12 8.118756 -0.000000 87.616086 7.884e-11
86700 3760.594145 -7.024e-12 8.118756 -0.000000 87.616085 7.786e-11
86800 3760.594144 -5.562e-12 8.118756 -0.000000 87.616084 7.689e-11
86900 3760.594143 -5.316e-12 8.118756 -0.000000 87.616083 7.593e-11
87000 3760.594142 -4.412e-12 8.118756 -0.000000 87.616082 7.499e-11
87100 3760.594142 -5.706e-12 8.118756 -0.000000 87.616082 7.406e-11
87200 3760.594141 -6.550e-12 8.118756 -0.000000 87.616081 7.314e-11
87300 3760.594140 -5.314e-12 8.118756 -0.000000 87.616080 7.223e-11
87400 3760.594139 -3.982e-12 8.118756 -0.000000 87.616079 7.133e-11
87500 3760.594138 -4.153e-12 8.118756 -0.000000 87.616079 7.045e-11
87600 3760.594138 -3.407e-12 8.118756 -0.000000 87.616078 6.957e-11
87700 3760.594137 -5.386e-12 8.118756 -0.000000 87.616077 6.870e-11
87800 3760.594136 -4.412e-12 8.118756 -0.000000 87.616076 6.785e-11
87900 3760.594135 -5.571e-12 8.118756 -0.000000 87.616076 6.701e-11
88000 3760.594134 -4.107e-12 8.118756 -0.000000 87.616075 6.617e-11
88100 3760.594134 -3.717e-12 8.118756 -0.000000 87.616074 6.535e-11
88200 3760.594133 -5.273e-12 8.118756 -0.000000 87.616074 6.454e-11
88300 3760.594132 -5.879e-12 8.118756 -0.000000 87.616073 6.374e-11
88400 3760.594131 -5.405e-12 8.118756 -0.000000 87.616072 6.294e-11
88500 3760.594131 -5.738e-12 8.118756 -0.000000 87.616072 6.216e-11
88600 3760.594130 -7.204e-12 8.118756 -0.000000 87.616071 6.139e-11
88700 3760.594129 -5.803e-12 8.118756 -0.000000 87.616070 6.063e-11
88800 3760.594129 -4.760e-12 8.118756 -0.000000 87.616070 5.987e-11
88900 3760.594128 -5.620e-12 8.118756 -0.000000 87.616069 5.913e-11
89000 3760.594127 -5.397e-12 8.118756 -0.000000 87.616068 5.839e-11
89100 3760.594127 -5.927e-12 8.118756 -0.000000 87.616068 5.767e-11
89200 3760.594126 -5.167e-12 8.118756 -0.000000 87.616067 5.695e-11
89300 3760.594125 -5.575e-12 8.118756 -0.000000 87.616067 5.625e-11
89400 3760.594125 -7.948e-12 8.118756 -0.000000 87.616066 5.554e-11
89500 3760.594124 -4.313e-12 8.118756 -0.000000 87.616066 5.486e-11
89600 3760.594123 -4.925e-12 8.118755 -0.000000 87.616065 5.417e-11
89700 3760.594123 -5.960e-12 8.118755 -0.000000 87.616064 5.350e-11
89800 3760.594122 -5.877e-12 8.118755 -0.000000 87.616064 5.284e-11
89900 3760.594122 -4.408e-12 8.118755 -0.000000 87.616063 5.218e-11
90000 3760.594121 -6.324e-12 8.118755 -0.000000 87.616063 5.153e-11
90100 3760.594120 -5.518e-12 8.118755 -0.000000 87.616062 5.089e-11
90200 3760.594120 -7.936e-12 8.118755 -0.000000 87.616062 5.026e-11
90300 3760.594119 -5.546e-12 8.118755 -0.000000 87.616061 4.964e-11
90400 3760.594119 -6.696e-12 8.118755 -0.000000 87.616061 4.901e-11
90500 3760.594118 -5.864e-12 8.118755 -0.000000 87.616060 4.841e-11
90600 3760.594118 -6.273e-12 8.118755 -0.000000 87.616060 4.781e-11
90700 3760.594117 -6.647e-12 8.118755 -0.000000 87.616059 4.721e-11
90800 3760.594117 -7.026e-12 8.118755 -0.000000 87.616059 4.663e-11
90900 3760.594116 -5.595e-12 8.118755 -0.000000 87.616058 4.605e-11
91000 3760.594115 -5.137e-12 8.118755 -0.000000 87.616058 4.548e-11
91100 3760.594115 -5.060e-12 8.118755 -0.000000 87.616057 4.491e-11
91200 3760.594114 -5.419e-12 8.118755 -0.000000 87.616057 4.435e-11
91300 3760.594114 -2.394e-12 8.118755 -0.000000 87.616056 4.380e-11
91400 3760.594113 -6.004e-12 8.118755 -0.000000 87.616056 4.325e-11
91500 3760.594113 -6.147e-12 8.118755 -0.000000 87.616055 4.272e-11
91600 3760.594112 -6.566e-12 8.118755 -0.000000 87.616055 4.219e-11
91700 3760.594112 -3.508e-12 8.118755 -0.000000 87.616054 4.166e-11
91800 3760.594112 -4.645e-12 8.118755 -0.000000 87.616054 4.115e-11
91900 3760.594111 -3.738e-12 8.118755 -0.000000 87.616054 4.064e-11
92000 3760.594111 -6.018e-12 8.118755 -0.000000 87.616053 4.013e-11
92100 3760.594110 -3.128e-12 8.118755 -0.000000 87.616053 3.963e-11
92200 3760.594110 -5.538e-12 8.118755 -0.000000 87.616052 3.914e-11
92300 3760.594109 -5.157e-12 8.118755 -0.000000 87.616052 3.866e-11
92400 3760.594109 -6.270e-12 8.118755 -0.000000 87.616052 3.817e-11
92500 3760.594108 -1.741e-12 8.118755 -0.000000 87.616051 3.770e-11
92600 3760.594108 -4.214e-12 8.118755 -0.000000 87.616051 3.723e-11
92700 3760.594108 -4.190e-12 8.118755 -0.000000 87.616050 3.677e-11
92800 3760.594107 -5.550e-12 8.118755 -0.000000 87.616050 3.631e-11
92900 3760.594107 -5.899e-12 8.118755 -0.000000 87.616050 3.586e-11
93000 3760.594106 -4.964e-12 8.118755 -0.000000 87.616049 3.541e-11
93100 3760.594106 -6.640e-12 8.118755 -0.000000 87.616049 3.497e-11
93200 3760.594105 -3.822e-12 8.118755 -0.000000 87.616049 3.454e-11
93300 3760.594105 -4.461e-12 8.118755 -0.000000 87.616048 3.411e-11
93400 3760.594105 -5.659e-12 8.118755 -0.000000 87.616048 3.369e-11
93500 3760.594104 -5.509e-12 8.118755 -0.000000 87.616047 3.327e-11
93600 3760.594104 -5.549e-12 8.118755 -0.000000 87.616047 3.285e-11
93700 3760.594104 -5.004e-12 8.118755 -0.000000 87.616047 3.245e-11
93800 3760.594103 -4.458e-12 8.118755 -0.000000 87.616046 3.205e-11
93900 3760.594103 -4.373e-12 8.118755 -0.000000 87.616046 3.164e-11
94000 3760.594102 -6.524e-12 8.118755 -0.000000 87.616046 3.126e-11
94100 3760.594102 -5.628e-12 8.118755 -0.000000 87.616045 3.086e-11
94200 3760.594102 -4.063e-12 8.118755 -0.000000 87.616045 3.048e-11
94300 3760.594101 -5.837e-12 8.118755 -0.000000 87.616045 3.010e-11
94400 3760.594101 -5.704e-12 8.118754 -0.000000 87.616044 2.973e-11
94500 3760.594101 -4.098e-12 8.118754 -0.000000 87.616044 2.936e-11
94600 3760.594100 -6.495e-12 8.118754 -0.000000 87.616044 2.899e-11
94700 3760.594100 -3.438e-12 8.118754 -0.000000 87.616044 2.864e-11
94800 3760.594100 -5.441e-12 8.118754 -0.000000 87.616043 2.828e-11
94900 3760.594099 -5.766e-12 8.118754 -0.000000 87.616043 2.793e-11
95000 3760.594099 -6.019e-12 8.118754 -0.000000 87.616043 2.758e-11
95100 3760.594099 -5.029e-12 8.118754 -0.000000 87.616042 2.724e-11
95200 3760.594099 -4.556e-12 8.118754 -0.000000 87.616042 2.690e-11
95300 3760.594098 -4.571e-12 8.118754 -0.000000 87.616042 2.657e-11
95400 3760.594098 -5.053e-12 8.118754 -0.000000 87.616042 2.624e-11
95500 3760.594098 -4.447e-12 8.118754 -0.000000 87.616041 2.591e-11
95600 3760.594097 -5.513e-12 8.118754 -0.000000 87.616041 2.559e-11
95700 3760.594097 -5.781e-12 8.118754 -0.000000 87.616041 2.527e-11
95800 3760.594097 -4.750e-12 8.118754 -0.000000 87.616040 2.496e-11
95900 3760.594096 -4.612e-12 8.118754 -0.000000 87.616040 2.464e-11
96000 3760.594096 -4.706e-12 8.118754 -0.000000 87.616040 2.434e-11
96100 3760.594096 -5.267e-12 8.118754 -0.000000 87.616040 2.404e-11
96200 3760.594096 -5.715e-12 8.118754 -0.000000 87.616039 2.374e-11
96300 3760.594095 -4.322e-12 8.118754 -0.000000 87.616039 2.344e-11
96400 3760.594095 -6.814e-12 8.118754 -0.000000 87.616039 2.315e-11
96500 3760.594095 -5.690e-12 8.118754 -0.000000 87.616039 2.287e-11
96600 3760.594095 -4.939e-12 8.118754 -0.000000 87.616038 2.258e-11
96700 3760.594094 -6.237e-12 8.118754 -0.000000 87.616038 2.230e-11
96800 3760.594094 -5.334e-12 8.118754 -0.000000 87.616038 2.202e-11
96900 3760.594094 -3.469e-12 8.118754 -0.000000 87.616038 2.175e-11
97000 3760.594094 -4.771e-12 8.118754 -0.000000 87.616038 2.148e-11
97100 3760.594093 -6.664e-12 8.118754 -0.000000 87.616037 2.121e-11
97200 3760.594093 -5.150e-12 8.118754 -0.000000 87.616037 2.095e-11
97300 3760.594093 -5.276e-12 8.118754 -0.000000 87.616037 2.069e-11
97400 3760.594093 -5.333e-12 8.118754 -0.000000 87.616037 2.043e-11
97500 3760.594092 -3.668e-12 8.118754 -0.000000 87.616036 2.018e-11
97600 3760.594092 -3.760e-12 8.118754 -0.000000 87.616036 1.993e-11
97700 3760.594092 -6.365e-12 8.118754 -0.000000 87.616036 1.968e-11
97800 3760.594092 -3.134e-12 8.118754 -0.000000 87.616036 1.944e-11
97900 3760.594091 -5.343e-12 8.118754 -0.000000 87.616036 1.920e-11
98000 3760.594091 -4.859e-12 8.118754 -0.000000 87.616035 1.896e-11
98100 3760.594091 -6.575e-12 8.118754 -0.000000 87.616035 1.872e-11
98200 3760.594091 -5.417e-12 8.118754 -0.000000 87.616035 1.849e-11
98300 3760.594091 -4.248e-12 8.118754 -0.000000 87.616035 1.826e-11
98400 3760.594090 -5.415e-12 8.118754 -0.000000 87.616035 1.803e-11
98500 3760.594090 -4.996e-12 8.118754 -0.000000 87.616034 1.781e-11
98600 3760.594090 -5.962e-12 8.118754 -0.000000 87.616034 1.759e-11
98700 3760.594090 -4.828e-12 8.118754 -0.000000 87.616034 1.737e-11
98800 3760.594090 -6.240e-12 8.118754 -0.000000 87.616034 1.715e-11
98900 3760.594089 -5.633e-12 8.118754 -0.000000 87.616034 1.694e-11
99000 3760.594089 -4.666e-12 8.118754 -0.000000 87.616034 1.673e-11
99100 3760.594089 -3.457e-12 8.118754 -0.000000 87.616033 1.652e-11
99200 3760.594089 -5.096e-12 8.118754 -0.000000 87.616033 1.632e-11
99300 3760.594089 -7.278e-12 8.118754 -0.000000 87.616033 1.611e-11
99400 3760.594088 -5.644e-12 8.118754 -0.000000 87.616033 1.591e-11
99500 3760.594088 -3.047e-12 8.118754 -0.000000 87.616033 1.572e-11
99600 3760.594088 -5.890e-12 8.118754 -0.000000 87.616033 1.552e-11
99700 3760.594088 -6.421e-12 8.118754 -0.000000 87.616032 1.533e-11
99800 3760.594088 -4.667e-12 8.118754 -0.000000 87.616032 1.514e-11
99900 3760.594088 -4.032e-12 8.118754 -0.000000 87.616032 1.495e-11
100000 3760.594087 -4.804e-12 8.118754 -0.000000 87.616032 1.476e-11
100100 3760.594087 -5.282e-12 8.118754 -0.000000 87.616032 1.458e-11
100200 3760.594087 -6.165e-12 8.118754 -0.000000 87.616032 1.440e-11
100300 3760.594087 -6.170e-12 8.118754 -0.000000 87.616031 1.422e-11
100400 3760.594087 -5.646e-12 8.118754 -0.000000 87.616031 1.404e-11
100500 3760.594087 -3.409e-12 8.118754 -0.000000 87.616031 1.387e-11
100600 3760.594086 -5.657e-12 8.118754 -0.000000 87.616031 1.370e-11
100700 3760.594086 -4.379e-12 8.118754 -0.000000 87.616031 1.353e-11
100800 3760.594086 -3.921e-12 8.118754 -0.000000 87.616031 1.336e-11
100900 3760.594086 -4.414e-12 8.118754 -0.000000 87.616031 1.319e-11
101000 3760.594086 -4.361e-12 8.118754 -0.000000 87.616030 1.303e-11
101100 3760.594086 -5.623e-12 8.118754 -0.000000 87.616030 1.287e-11
101200 3760.594086 -5.775e-12 8.118754 -0.000000 87.616030 1.271e-11
101300 3760.594085 -2.975e-12 8.118754 -0.000000 87.616030 1.255e-11
101400 3760.594085 -6.142e-12 8.118754 -0.000000 87.616030 1.239e-11
101500 3760.594085 -5.617e-12 8.118754 -0.000000 87.616030 1.224e-11
101600 3760.594085 -6.624e-12 8.118754 -0.000000 87.616030 1.209e-11
101700 3760.594085 -6.244e-12 8.118754 -0.000000 87.616030 1.194e-11
101800 3760.594085 -5.961e-12 8.118754 -0.000000 87.616029 1.179e-11
101900 3760.594085 -6.253e-12 8.118754 -0.000000 87.616029 1.164e-11
102000 3760.594084 -5.434e-12 8.118754 -0.000000 87.616029 1.150e-11
102100 3760.594084 -5.404e-12 8.118754 -0.000000 87.616029 1.136e-11
102200 3760.594084 -4.374e-12 8.118754 -0.000000 87.616029 1.121e-11
102300 3760.594084 -6.588e-12 8.118754 -0.000000 87.616029 1.108e-11
102400 3760.594084 -2.652e-12 8.118754 -0.000000 87.616029 1.094e-11
102500 3760.594084 -5.967e-12 8.118754 -0.000000 87.616029 1.080e-11
102600 3760.594084 -5.117e-12 8.118754 -0.000000 87.616029 1.067e-11
102700 3760.594084 -5.481e-12 8.118754 -0.000000 87.616028 1.053e-11
102800 3760.594083 -4.894e-12 8.118754 -0.000000 87.616028 1.041e-11
102900 3760.594083 -4.108e-12 8.118754 -0.000000 87.616028 1.027e-11
103000 3760.594083 -4.765e-12 8.118754 -0.000000 87.616028 1.015e-11
103100 3760.594083 -6.690e-12 8.118754 -0.000000 87.616028 1.002e-11
103200 3760.594083 -5.346e-12 8.118754 -0.000000 87.616028 9.896e-12
