0 -1901.463399 -1.183e-12 -8.799499 -0.000000 -276.339460 1.653e-01
100 -878.343181 -4.181e-13 -7.088678 -0.000000 -233.546557 8.897e-02
200 -55.837039 1.125e-12 -5.579645 -0.000000 -196.825115 7.152e-02
300 605.001536 1.027e-12 -4.238232 -0.000000 -164.965656 5.746e-02
400 1124.001983 -2.182e-12 -3.050404 -0.000000 -137.402523 4.513e-02
500 1533.792174 -1.582e-12 -1.993094 -0.000000 -113.730612 3.563e-02
600 1869.686815 1.876e-13 -1.043734 -0.000000 -93.420499 2.921e-02
700 2153.677810 1.035e-12 -0.187148 -0.000000 -75.877789 2.469e-02
800 2396.196754 -3.468e-13 0.586496 -0.000000 -60.726366 2.109e-02
900 2603.764151 -3.046e-13 1.281293 -0.000000 -47.993595 1.805e-02
1000 2779.585419 2.909e-13 1.909528 -0.000000 -36.352596 1.529e-02
1100 2928.107840 1.748e-12 2.479814 -0.000000 -25.715304 1.291e-02
1200 3053.448309 2.044e-12 2.998178 -0.000000 -15.971869 1.090e-02
1300 3159.145524 1.180e-12 3.469720 -0.000000 -7.023003 9.191e-03
1400 3248.237218 1.469e-12 3.898905 -0.000000 1.215932 7.747e-03
1500 3323.324360 2.449e-12 4.289693 -0.000000 8.815568 6.529e-03
1600 3386.626923 3.791e-12 4.645618 -0.000000 15.834673 5.505e-03
1700 3440.032830 3.465e-14 4.969856 -0.000000 22.322546 4.644e-03
1800 3485.141576 1.598e-13 5.265268 -0.000000 28.321278 3.922e-03
1900 3523.303403 5.004e-13 5.534449 -0.000000 33.867597 3.318e-03
2000 3555.654240 -2.286e-13 5.779754 -0.000000 38.994073 2.813e-03
2100 3583.146445 -7.691e-13 6.003330 -0.000000 43.729755 2.391e-03
2200 3606.575653 -8.401e-13 6.207126 -0.000000 48.100560 2.037e-03
2300 3626.604257 -1.628e-13 6.392916 -0.000000 52.129670 1.742e-03
2400 3643.781996 -1.170e-12 6.562306 -0.000000 55.837990 1.494e-03
2500 3658.563967 1.676e-12 6.716753 -0.000000 59.244607 1.285e-03
2600 3671.326301 -4.780e-13 6.857577 -0.000000 62.367219 1.110e-03
2700 3682.379706 -1.278e-12 6.985972 -0.000000 65.222523 9.612e-04
2800 3691.981083 -1.950e-13 7.103021 -0.000000 67.826556 8.349e-04
2900 3700.343442 -2.161e-14 7.209707 -0.000000 70.195007 7.272e-04
3000 3707.644263 -1.355e-12 7.306927 -0.000000 72.343452 6.349e-04
3100 3714.032405 1.082e-13 7.395498 -0.000000 74.287473 5.555e-04
3200 3719.633646 1.972e-12 7.476170 -0.000000 76.042631 4.871e-04
3300 3724.554987 -2.780e-13 7.549629 -0.000000 77.624309 4.279e-04
3400 3728.887934 8.668e-13 7.616505 -0.000000 79.047497 3.768e-04
3500 3732.711004 1.358e-12 7.677373 -0.000000 80.326582 3.324e-04
3600 3736.091690 4.963e-14 7.732761 -0.000000 81.475180 2.940e-04
3700 3739.088047 6.757e-13 7.783149 -0.000000 82.506027 2.606e-04
3800 3741.750038 -8.759e-13 7.828977 -0.000000 83.430928 2.315e-04
3900 3744.120670 4.661e-13 7.870643 -0.000000 84.260745 2.061e-04
4000 3746.236996 -1.742e-12 7.908512 -0.000000 85.005410 1.840e-04
4100 3748.130964 -1.892e-12 7.942915 -0.000000 85.673958 1.647e-04
4200 3749.830156 -9.250e-13 7.974154 -0.000000 86.274571 1.478e-04
4300 3751.358418 -1.377e-12 8.002504 -0.000000 86.814626 1.329e-04
4400 3752.736382 5.149e-13 8.028215 -0.000000 87.300747 1.198e-04
4500 3753.981921 -9.089e-13 8.051516 -0.000000 87.738856 1.083e-04
4600 3755.110510 3.421e-13 8.072616 -0.000000 88.134229 9.814e-05
4700 3756.135543 -1.001e-12 8.091704 -0.000000 88.491549 8.913e-05
4800 3757.068590 -1.034e-12 8.108953 -0.000000 88.814960 8.113e-05
4900 3757.919608 5.098e-13 8.124520 -0.000000 89.108117 7.400e-05
5000 3758.697130 -1.739e-13 8.138550 -0.000000 89.374235 6.761e-05
5100 3759.408405 1.459e-12 8.151172 -0.000000 89.616137 6.185e-05
5200 3760.059534 1.328e-12 8.162503 -0.000000 89.836300 5.662e-05
5300 3760.655573 6.659e-13 8.172652 -0.000000 90.036889 5.183e-05
5400 3761.200630 1.166e-12 8.181714 -0.000000 90.219802 4.740e-05
5500 3761.697950 -4.574e-13 8.189775 -0.000000 90.386699 4.325e-05
5600 3762.149999 1.002e-12 8.196913 -0.000000 90.539032 3.931e-05
5700 3762.558548 5.534e-13 8.203198 -0.000000 90.678067 3.553e-05
5800 3762.924745 -1.630e-13 8.208689 -0.000000 90.804889 3.184e-05
5900 3763.248890 1.327e-13 8.213442 -0.000000 90.920208 2.819e-05
6000 3763.524846 1.931e-12 8.217491 -0.000000 91.020998 2.400e-05
6100 3763.652915 -5.921e-13 8.220702 -0.000000 91.049514 1.114e-05
6200 3763.303860 4.571e-13 8.222179 -0.000000 90.845003 3.035e-05
6300 3762.608757 -1.082e-13 8.221750 -0.000000 90.537553 6.044e-05
6400 3761.816184 2.605e-12 8.220209 -0.000000 90.229792 6.892e-05
6500 3761.055700 -9.387e-13 8.218133 -0.000000 89.952386 6.613e-05
6600 3760.386885 -1.226e-12 8.215864 -0.000000 89.715550 5.816e-05
6700 3759.830540 5.704e-13 8.213592 -0.000000 89.520725 4.838e-05
6800 3759.387471 -1.464e-13 8.211418 -0.000000 89.365463 3.853e-05
6900 3759.049032 -2.584e-12 8.209388 -0.000000 89.245691 2.943e-05
7000 3758.802785 -3.145e-13 8.207517 -0.000000 89.156779 2.141e-05
7100 3758.635400 3.584e-13 8.205805 -0.000000 89.094058 1.456e-05
7200 3758.534071 9.880e-13 8.204243 -0.000000 89.053072 8.811e-06
7300 3758.487129 -1.860e-12 8.202819 -0.000000 89.029692 4.082e-06
7400 3758.484242 -1.582e-12 8.201517 -0.000000 89.020174 2.510e-07
7500 3758.516413 -1.439e-13 8.200325 -0.000000 89.021173 2.797e-06
7600 3758.575882 6.222e-13 8.199228 -0.000000 89.029752 5.171e-06
7700 3758.656001 3.891e-13 8.198212 -0.000000 89.043372 6.967e-06
7800 3758.751106 3.823e-13 8.197266 -0.000000 89.059880 8.270e-06
7900 3758.856403 -5.259e-13 8.196379 -0.000000 89.077488 9.156e-06
8000 3758.967867 -1.565e-12 8.195540 -0.000000 89.094756 9.693e-06
8100 3759.082155 -2.085e-12 8.194741 -0.000000 89.110555 9.938e-06
8200 3759.196534 -1.098e-12 8.193972 -0.000000 89.124046 9.946e-06
8300 3759.308811 -2.894e-13 8.193228 -0.000000 89.134642 9.763e-06
8400 3759.417276 2.651e-13 8.192501 -0.000000 89.141976 9.432e-06
8500 3759.520642 -8.265e-13 8.191787 -0.000000 89.145870 8.988e-06
8600 3759.617991 -2.615e-12 8.191081 -0.000000 89.146297 8.465e-06
8700 3759.708726 -2.766e-12 8.190380 -0.000000 89.143356 7.890e-06
8800 3759.792515 -1.094e-12 8.189680 -0.000000 89.137241 7.286e-06
8900 3759.869252 -1.271e-13 8.188978 -0.000000 89.128215 6.673e-06
9000 3759.939012 -5.765e-13 8.188274 -0.000000 89.116586 6.066e-06
9100 3760.002011 -3.006e-12 8.187566 -0.000000 89.102692 5.478e-06
9200 3760.058573 -2.011e-12 8.186853 -0.000000 89.086878 4.918e-06
9300 3760.109100 -2.102e-12 8.186134 -0.000000 89.069490 4.394e-06
9400 3760.154041 -2.113e-12 8.185409 -0.000000 89.050856 3.908e-06
9500 3760.193877 -1.436e-13 8.184678 -0.000000 89.031286 3.464e-06
9600 3760.229097 -1.808e-12 8.183942 -0.000000 89.011062 3.063e-06
9700 3760.260185 -1.169e-12 8.183201 -0.000000 88.990436 2.703e-06
9800 3760.287607 -5.993e-13 8.182455 -0.000000 88.969626 2.385e-06
9900 3760.311804 -7.662e-13 8.181705 -0.000000 88.948819 2.104e-06
10000 3760.333185 -5.372e-13 8.180952 -0.000000 88.928169 1.859e-06
10100 3760.352123 -2.201e-12 8.180196 -0.000000 88.907800 1.647e-06
10200 3760.368954 3.043e-13 8.179439 -0.000000 88.887806 1.464e-06
10300 3760.383973 -3.334e-13 8.178680 -0.000000 88.868258 1.306e-06
10400 3760.397441 -2.282e-12 8.177922 -0.000000 88.849202 1.171e-06
10500 3760.409580 -2.543e-12 8.177165 -0.000000 88.830666 1.056e-06
10600 3760.420578 -1.034e-12 8.176409 -0.000000 88.812660 9.563e-07
10700 3760.430592 2.441e-13 8.175656 -0.000000 88.795181 8.708e-07
10800 3760.439753 8.624e-13 8.174906 -0.000000 88.778217 7.966e-07
10900 3760.448166 -1.786e-12 8.174159 -0.000000 88.761743 7.315e-07
11000 3760.455912 -2.986e-12 8.173417 -0.000000 88.745734 6.736e-07
11100 3760.463058 -2.003e-12 8.172680 -0.000000 88.730156 6.214e-07
11200 3760.469653 -8.396e-13 8.171948 -0.000000 88.714976 5.734e-07
11300 3760.475733 -1.059e-12 8.171222 -0.000000 88.700158 5.287e-07
11400 3760.481325 -3.073e-12 8.170503 -0.000000 88.685668 4.863e-07
11500 3760.486450 1.499e-12 8.169790 -0.000000 88.671473 4.456e-07
11600 3760.491119 -6.516e-13 8.169085 -0.000000 88.657543 4.060e-07
11700 3760.495343 -1.411e-12 8.168386 -0.000000 88.643848 3.673e-07
11800 3760.499128 -2.553e-12 8.167696 -0.000000 88.630363 3.291e-07
11900 3760.502480 -2.908e-12 8.167013 -0.000000 88.617067 2.914e-07
12000 3760.505402 -2.226e-12 8.166338 -0.000000 88.603940 2.541e-07
12100 3760.507901 -2.167e-12 8.165672 -0.000000 88.590967 2.172e-07
12200 3760.509980 -1.392e-12 8.165013 -0.000000 88.578133 1.809e-07
12300 3760.511648 -1.960e-12 8.164363 -0.000000 88.565430 1.450e-07
12400 3760.512912 -5.272e-13 8.163722 -0.000000 88.552850 1.099e-07
12500 3760.513782 -2.568e-12 8.163088 -0.000000 88.540387 7.559e-08
12600 3760.514267 -4.404e-12 8.162463 -0.000000 88.528037 4.221e-08
12700 3760.514381 -1.475e-12 8.161847 -0.000000 88.515800 9.895e-09
12800 3760.514136 -3.895e-14 8.161238 -0.000000 88.503674 2.126e-08
12900 3760.513548 8.052e-13 8.160638 -0.000000 88.491661 5.114e-08
13000 3760.512632 -2.050e-12 8.160047 -0.000000 88.479763 7.968e-08
13100 3760.511404 -2.440e-12 8.159463 -0.000000 88.467981 1.068e-07
13200 3760.509880 -1.178e-12 8.158888 -0.000000 88.456318 1.325e-07
13300 3760.508078 -3.010e-12 8.158320 -0.000000 88.444778 1.567e-07
13400 3760.506016 -2.340e-12 8.157761 -0.000000 88.433362 1.793e-07
13500 3760.503710 -3.450e-12 8.157210 -0.000000 88.422075 2.005e-07
13600 3760.501177 -2.540e-12 8.156666 -0.000000 88.410920 2.202e-07
13700 3760.498435 -2.138e-12 8.156130 -0.000000 88.399898 2.385e-07
13800 3760.495499 -2.702e-12 8.155602 -0.000000 88.389012 2.553e-07
13900 3760.492385 -1.300e-12 8.155082 -0.000000 88.378265 2.708e-07
14000 3760.489108 -3.429e-12 8.154568 -0.000000 88.367657 2.849e-07
14100 3760.485684 -8.057e-13 8.154063 -0.000000 88.357191 2.978e-07
14200 3760.482124 -2.888e-12 8.153564 -0.000000 88.346866 3.095e-07
14300 3760.478443 -1.359e-12 8.153073 -0.000000 88.336685 3.201e-07
14400 3760.474653 -2.924e-12 8.152589 -0.000000 88.326646 3.296e-07
14500 3760.470764 -7.100e-13 8.152112 -0.000000 88.316749 3.382e-07
14600 3760.466788 -1.755e-12 8.151642 -0.000000 88.306995 3.458e-07
14700 3760.462733 -2.431e-12 8.151179 -0.000000 88.297383 3.525e-07
14800 3760.458610 -1.791e-12 8.150723 -0.000000 88.287911 3.585e-07
14900 3760.454427 -1.926e-12 8.150273 -0.000000 88.278578 3.638e-07
15000 3760.450191 -1.742e-12 8.149830 -0.000000 88.269384 3.684e-07
15100 3760.445909 -3.537e-12 8.149394 -0.000000 88.260326 3.723e-07
15200 3760.441588 -1.676e-12 8.148963 -0.000000 88.251403 3.758e-07
15300 3760.437233 -1.250e-12 8.148540 -0.000000 88.242613 3.787e-07
15400 3760.432851 -1.637e-12 8.148122 -0.000000 88.233954 3.811e-07
15500 3760.428445 -2.803e-12 8.147711 -0.000000 88.225425 3.831e-07
15600 3760.424021 -4.921e-13 8.147306 -0.000000 88.217023 3.847e-07
15700 3760.419582 -2.784e-12 8.146906 -0.000000 88.208746 3.860e-07
15800 3760.415133 -2.731e-12 8.146513 -0.000000 88.200594 3.869e-07
15900 3760.410676 -3.066e-12 8.146126 -0.000000 88.192562 3.876e-07
16000 3760.406215 -3.741e-12 8.145744 -0.000000 88.184651 3.879e-07
16100 3760.401752 -1.706e-12 8.145368 -0.000000 88.176857 3.880e-07
16200 3760.397291 -2.718e-12 8.144997 -0.000000 88.169179 3.879e-07
16300 3760.392833 -4.292e-12 8.144632 -0.000000 88.161614 3.876e-07
16400 3760.388381 -4.677e-12 8.144273 -0.000000 88.154162 3.871e-07
16500 3760.383937 -6.653e-13 8.143919 -0.000000 88.146820 3.864e-07
16600 3760.379503 -2.272e-12 8.143570 -0.000000 88.139586 3.856e-07
16700 3760.375080 -1.843e-12 8.143226 -0.000000 88.132459 3.846e-07
16800 3760.370670 -3.502e-12 8.142887 -0.000000 88.125436 3.834e-07
16900 3760.366275 -2.286e-12 8.142553 -0.000000 88.118517 3.822e-07
17000 3760.361897 -9.865e-13 8.142225 -0.000000 88.111700 3.808e-07
17100 3760.357535 -2.102e-12 8.141901 -0.000000 88.104983 3.793e-07
17200 3760.353192 -1.991e-12 8.141582 -0.000000 88.098364 3.776e-07
17300 3760.348869 -3.767e-12 8.141267 -0.000000 88.091841 3.759e-07
17400 3760.344567 -9.996e-13 8.140958 -0.000000 88.085415 3.741e-07
17500 3760.340287 -4.025e-12 8.140652 -0.000000 88.079082 3.722e-07
17600 3760.336029 -7.597e-13 8.140352 -0.000000 88.072841 3.702e-07
17700 3760.331796 -2.238e-12 8.140055 -0.000000 88.066692 3.681e-07
17800 3760.327587 -2.028e-12 8.139763 -0.000000 88.060632 3.660e-07
17900 3760.323403 -6.951e-13 8.139476 -0.000000 88.054660 3.638e-07
18000 3760.319245 -2.395e-12 8.139192 -0.000000 88.048775 3.615e-07
18100 3760.315114 -1.991e-12 8.138913 -0.000000 88.042976 3.592e-07
18200 3760.311010 -1.955e-12 8.138638 -0.000000 88.037260 3.568e-07
18300 3760.306935 -3.709e-12 8.138367 -0.000000 88.031628 3.544e-07
18400 3760.302888 -2.692e-12 8.138099 -0.000000 88.026077 3.519e-07
18500 3760.298870 -4.424e-12 8.137836 -0.000000 88.020606 3.494e-07
18600 3760.294881 -1.957e-12 8.137576 -0.000000 88.015215 3.468e-07
18700 3760.290922 -1.595e-12 8.137321 -0.000000 88.009901 3.442e-07
18800 3760.286994 -1.180e-12 8.137069 -0.000000 88.004665 3.416e-07
18900 3760.283097 -3.802e-12 8.136820 -0.000000 87.999503 3.389e-07
19000 3760.279230 -2.460e-12 8.136575 -0.000000 87.994416 3.362e-07
19100 3760.275395 -2.799e-12 8.136334 -0.000000 87.989402 3.335e-07
19200 3760.271591 -3.451e-12 8.136096 -0.000000 87.984461 3.308e-07
19300 3760.267819 -3.076e-12 8.135862 -0.000000 87.979590 3.280e-07
19400 3760.264079 -3.022e-12 8.135631 -0.000000 87.974789 3.252e-07
19500 3760.260371 -2.016e-12 8.135403 -0.000000 87.970056 3.224e-07
19600 3760.256696 -1.381e-12 8.135179 -0.000000 87.965392 3.196e-07
19700 3760.253053 -1.082e-12 8.134957 -0.000000 87.960794 3.168e-07
19800 3760.249443 -2.652e-12 8.134739 -0.000000 87.956262 3.139e-07
19900 3760.245865 -1.509e-12 8.134524 -0.000000 87.951795 3.111e-07
20000 3760.242320 -4.190e-12 8.134313 -0.000000 87.947391 3.082e-07
20100 3760.238808 -5.197e-12 8.134104 -0.000000 87.943050 3.054e-07
20200 3760.235329 -3.045e-12 8.133898 -0.000000 87.938771 3.025e-07
20300 3760.231883 -3.134e-12 8.133695 -0.000000 87.934552 2.997e-07
20400 3760.228469 -3.687e-12 8.133495 -0.000000 87.930394 2.968e-07
20500 3760.225089 -4.406e-12 8.133298 -0.000000 87.926294 2.940e-07
20600 3760.221741 -3.706e-12 8.133103 -0.000000 87.922252 2.911e-07
20700 3760.218426 -3.062e-12 8.132912 -0.000000 87.918268 2.883e-07
20800 3760.215143 -3.005e-12 8.132723 -0.000000 87.914340 2.854e-07
20900 3760.211894 -4.439e-12 8.132537 -0.000000 87.910468 2.826e-07
21000 3760.208677 -2.115e-12 8.132353 -0.000000 87.906650 2.798e-07
21100 3760.205492 -2.504e-12 8.132172 -0.000000 87.902886 2.769e-07
21200 3760.202340 -2.787e-12 8.131994 -0.000000 87.899175 2.741e-07
21300 3760.199219 -3.859e-12 8.131818 -0.000000 87.895516 2.713e-07
21400 3760.196132 -3.002e-12 8.131644 -0.000000 87.891909 2.685e-07
21500 3760.193076 -1.889e-12 8.131473 -0.000000 87.888352 2.657e-07
21600 3760.190051 -4.155e-12 8.131305 -0.000000 87.884845 2.630e-07
21700 3760.187059 -2.915e-12 8.131138 -0.000000 87.881388 2.602e-07
21800 3760.184098 -3.460e-12 8.130974 -0.000000 87.877979 2.575e-07
21900 3760.181169 -2.609e-12 8.130813 -0.000000 87.874618 2.547e-07
22000 3760.178270 -4.362e-12 8.130653 -0.000000 87.871303 2.520e-07
22100 3760.175403 -2.146e-12 8.130496 -0.000000 87.868035 2.493e-07
22200 3760.172567 -3.728e-12 8.130341 -0.000000 87.864813 2.466e-07
22300 3760.169761 -3.102e-12 8.130189 -0.000000 87.861636 2.440e-07
22400 3760.166986 -3.699e-12 8.130038 -0.000000 87.858503 2.413e-07
22500 3760.164241 -3.022e-12 8.129889 -0.000000 87.855413 2.387e-07
22600 3760.161526 -2.752e-12 8.129743 -0.000000 87.852367 2.361e-07
22700 3760.158841 -2.481e-12 8.129598 -0.000000 87.849363 2.335e-07
22800 3760.156186 -3.942e-12 8.129456 -0.000000 87.846401 2.309e-07
22900 3760.153560 -1.706e-12 8.129316 -0.000000 87.843480 2.283e-07
23000 3760.150963 -4.668e-12 8.129177 -0.000000 87.840599 2.258e-07
23100 3760.148396 -2.545e-12 8.129041 -0.000000 87.837759 2.233e-07
23200 3760.145857 -3.821e-12 8.128906 -0.000000 87.834957 2.208e-07
23300 3760.143347 -4.663e-12 8.128773 -0.000000 87.832195 2.183e-07
23400 3760.140865 -2.480e-12 8.128642 -0.000000 87.829471 2.158e-07
23500 3760.138411 -3.692e-12 8.128513 -0.000000 87.826784 2.134e-07
23600 3760.135985 -3.479e-12 8.128386 -0.000000 87.824135 2.109e-07
23700 3760.133587 -2.879e-12 8.128260 -0.000000 87.821522 2.085e-07
23800 3760.131216 -2.488e-12 8.128136 -0.000000 87.818945 2.062e-07
23900 3760.128873 -1.470e-12 8.128014 -0.000000 87.816404 2.038e-07
24000 3760.126556 -3.825e-12 8.127893 -0.000000 87.813898 2.015e-07
24100 3760.124266 -4.297e-12 8.127774 -0.000000 87.811426 1.991e-07
24200 3760.122002 -1.573e-12 8.127657 -0.000000 87.808989 1.968e-07
24300 3760.119765 -2.848e-12 8.127542 -0.000000 87.806585 1.945e-07
24400 3760.117554 -4.763e-12 8.127428 -0.000000 87.804214 1.923e-07
24500 3760.115368 -3.392e-12 8.127315 -0.000000 87.801875 1.901e-07
24600 3760.113208 -9.406e-13 8.127204 -0.000000 87.799569 1.878e-07
24700 3760.111073 -3.182e-12 8.127095 -0.000000 87.797294 1.856e-07
24800 3760.108963 -4.431e-12 8.126987 -0.000000 87.795050 1.835e-07
24900 3760.106878 -4.281e-12 8.126881 -0.000000 87.792837 1.813e-07
25000 3760.104818 -2.652e-12 8.126776 -0.000000 87.790655 1.792e-07
25100 3760.102782 -2.502e-12 8.126672 -0.000000 87.788502 1.771e-07
25200 3760.100770 -2.013e-12 8.126570 -0.000000 87.786379 1.750e-07
25300 3760.098781 -2.580e-12 8.126469 -0.000000 87.784284 1.729e-07
25400 3760.096816 -4.487e-12 8.126370 -0.000000 87.782219 1.708e-07
25500 3760.094875 -4.713e-12 8.126272 -0.000000 87.780181 1.688e-07
25600 3760.092957 -5.431e-12 8.126175 -0.000000 87.778171 1.668e-07
25700 3760.091061 -4.164e-12 8.126080 -0.000000 87.776189 1.648e-07
25800 3760.089188 -4.767e-12 8.125986 -0.000000 87.774234 1.629e-07
25900 3760.087338 -1.864e-12 8.125893 -0.000000 87.772305 1.609e-07
26000 3760.085510 -3.346e-12 8.125802 -0.000000 87.770402 1.590e-07
26100 3760.083703 -2.393e-12 8.125711 -0.000000 87.768526 1.571e-07
26200 3760.081919 -3.512e-12 8.125622 -0.000000 87.766675 1.552e-07
26300 3760.080156 -2.570e-12 8.125534 -0.000000 87.764849 1.533e-07
26400 3760.078414 -4.241e-12 8.125448 -0.000000 87.763047 1.515e-07
26500 3760.076693 -1.423e-12 8.125362 -0.000000 87.761270 1.497e-07
26600 3760.074992 -4.026e-12 8.125278 -0.000000 87.759518 1.478e-07
26700 3760.073313 -4.154e-12 8.125195 -0.000000 87.757789 1.461e-07
26800 3760.071653 -2.027e-12 8.125113 -0.000000 87.756083 1.443e-07
26900 3760.070014 -2.802e-12 8.125032 -0.000000 87.754401 1.425e-07
27000 3760.068395 -2.849e-12 8.124952 -0.000000 87.752741 1.408e-07
27100 3760.066795 -4.889e-12 8.124873 -0.000000 87.751103 1.391e-07
27200 3760.065215 -2.751e-12 8.124795 -0.000000 87.749488 1.374e-07
27300 3760.063654 -4.143e-12 8.124719 -0.000000 87.747895 1.357e-07
27400 3760.062112 -4.630e-12 8.124643 -0.000000 87.746323 1.341e-07
27500 3760.060588 -3.571e-12 8.124569 -0.000000 87.744772 1.325e-07
27600 3760.059084 -3.416e-12 8.124495 -0.000000 87.743242 1.308e-07
27700 3760.057597 -3.996e-12 8.124422 -0.000000 87.741733 1.292e-07
27800 3760.056129 -3.700e-12 8.124351 -0.000000 87.740244 1.277e-07
27900 3760.054679 -4.081e-12 8.124280 -0.000000 87.738775 1.261e-07
28000 3760.053247 -3.403e-12 8.124210 -0.000000 87.737325 1.246e-07
28100 3760.051832 -3.580e-12 8.124141 -0.000000 87.735896 1.230e-07
28200 3760.050435 -3.344e-12 8.124073 -0.000000 87.734485 1.215e-07
28300 3760.049054 -4.245e-12 8.124007 -0.000000 87.733094 1.200e-07
28400 3760.047691 -2.400e-12 8.123940 -0.000000 87.731721 1.186e-07
28500 3760.046344 -3.609e-12 8.123875 -0.000000 87.730366 1.171e-07
28600 3760.045014 -3.865e-12 8.123811 -0.000000 87.729030 1.157e-07
28700 3760.043700 -4.119e-12 8.123747 -0.000000 87.727711 1.142e-07
28800 3760.042403 -3.612e-12 8.123685 -0.000000 87.726410 1.128e-07
28900 3760.041121 -5.268e-12 8.123623 -0.000000 87.725127 1.114e-07
29000 3760.039856 -4.181e-12 8.123562 -0.000000 87.723861 1.101e-07
29100 3760.038606 -3.793e-12 8.123502 -0.000000 87.722611 1.087e-07
29200 3760.037371 -2.104e-12 8.123443 -0.000000 87.721379 1.074e-07
29300 3760.036152 -2.112e-12 8.123384 -0.000000 87.720162 1.060e-07
29400 3760.034947 -3.777e-12 8.123326 -0.000000 87.718962 1.047e-07
29500 3760.033758 -2.495e-12 8.123269 -0.000000 87.717778 1.034e-07
29600 3760.032583 -2.491e-12 8.123213 -0.000000 87.716610 1.021e-07
29700 3760.031423 -4.034e-12 8.123158 -0.000000 87.715458 1.009e-07
29800 3760.030277 -3.746e-12 8.123103 -0.000000 87.714320 9.963e-08
29900 3760.029146 -9.069e-13 8.123049 -0.000000 87.713198 9.840e-08
30000 3760.028028 -2.610e-12 8.122995 -0.000000 87.712091 9.718e-08
30100 3760.026924 -2.893e-12 8.122943 -0.000000 87.710998 9.597e-08
30200 3760.025834 -2.382e-12 8.122891 -0.000000 87.709920 9.478e-08
30300 3760.024758 -3.522e-12 8.122840 -0.000000 87.708857 9.361e-08
30400 3760.023695 -2.610e-12 8.122789 -0.000000 87.707807 9.244e-08
30500 3760.022645 -3.842e-12 8.122739 -0.000000 87.706772 9.129e-08
30600 3760.021608 -3.823e-12 8.122690 -0.000000 87.705750 9.016e-08
30700 3760.020584 -2.781e-12 8.122641 -0.000000 87.704741 8.904e-08
30800 3760.019573 -2.320e-12 8.122594 -0.000000 87.703747 8.793e-08
30900 3760.018574 -2.736e-12 8.122546 -0.000000 87.702765 8.684e-08
31000 3760.017588 -2.347e-12 8.122500 -0.000000 87.701796 8.575e-08
31100 3760.016614 -4.208e-12 8.122454 -0.000000 87.700840 8.469e-08
31200 3760.015652 -2.878e-12 8.122408 -0.000000 87.699897 8.363e-08
31300 3760.014703 -2.835e-12 8.122363 -0.000000 87.698966 8.259e-08
31400 3760.013765 -5.675e-12 8.122319 -0.000000 87.698047 8.156e-08
31500 3760.012839 -5.118e-12 8.122275 -0.000000 87.697141 8.054e-08
31600 3760.011924 -3.015e-12 8.122232 -0.000000 87.696247 7.954e-08
31700 3760.011021 -6.173e-12 8.122190 -0.000000 87.695364 7.854e-08
31800 3760.010129 -4.375e-12 8.122148 -0.000000 87.694493 7.756e-08
31900 3760.009248 -4.606e-12 8.122106 -0.000000 87.693634 7.659e-08
32000 3760.008378 -4.217e-12 8.122065 -0.000000 87.692785 7.564e-08
32100 3760.007519 -3.340e-12 8.122025 -0.000000 87.691949 7.469e-08
32200 3760.006671 -4.645e-12 8.121985 -0.000000 87.691123 7.376e-08
32300 3760.005833 -3.609e-12 8.121946 -0.000000 87.690308 7.284e-08
32400 3760.005006 -5.402e-12 8.121907 -0.000000 87.689503 7.193e-08
32500 3760.004189 -4.975e-12 8.121869 -0.000000 87.688709 7.103e-08
32600 3760.003383 -3.713e-12 8.121831 -0.000000 87.687926 7.014e-08
32700 3760.002586 -4.305e-12 8.121794 -0.000000 87.687153 6.926e-08
32800 3760.001800 -2.260e-12 8.121757 -0.000000 87.686390 6.839e-08
32900 3760.001023 -3.146e-12 8.121721 -0.000000 87.685637 6.754e-08
33000 3760.000256 -4.174e-12 8.121685 -0.000000 87.684895 6.669e-08
33100 3759.999498 -3.119e-12 8.121650 -0.000000 87.684161 6.586e-08
33200 3759.998751 -3.705e-12 8.121615 -0.000000 87.683438 6.503e-08
33300 3759.998012 -3.898e-12 8.121581 -0.000000 87.682724 6.422e-08
33400 3759.997283 -3.286e-12 8.121547 -0.000000 87.682019 6.341e-08
33500 3759.996563 -3.962e-12 8.121513 -0.000000 87.681323 6.262e-08
33600 3759.995852 -4.010e-12 8.121480 -0.000000 87.680637 6.183e-08
33700 3759.995149 -3.580e-12 8.121447 -0.000000 87.679960 6.106e-08
33800 3759.994456 -1.546e-12 8.121415 -0.000000 87.679291 6.029e-08
33900 3759.993771 -4.089e-12 8.121383 -0.000000 87.678631 5.954e-08
34000 3759.993095 -4.100e-12 8.121352 -0.000000 87.677980 5.879e-08
34100 3759.992428 -5.951e-12 8.121321 -0.000000 87.677338 5.805e-08
34200 3759.991768 -5.966e-12 8.121290 -0.000000 87.676703 5.733e-08
34300 3759.991117 -5.548e-12 8.121260 -0.000000 87.676077 5.661e-08
34400 3759.990475 -5.182e-12 8.121230 -0.000000 87.675460 5.590e-08
34500 3759.989840 -2.803e-12 8.121201 -0.000000 87.674850 5.520e-08
34600 3759.989213 -2.673e-12 8.121172 -0.000000 87.674248 5.450e-08
34700 3759.988594 -4.391e-12 8.121143 -0.000000 87.673654 5.382e-08
34800 3759.987983 -3.512e-12 8.121115 -0.000000 87.673068 5.314e-08
34900 3759.987379 -3.674e-12 8.121087 -0.000000 87.672490 5.248e-08
35000 3759.986784 -4.868e-12 8.121060 -0.000000 87.671919 5.182e-08
35100 3759.986195 -4.645e-12 8.121032 -0.000000 87.671355 5.117e-08
35200 3759.985614 -3.263e-12 8.121006 -0.000000 87.670799 5.052e-08
35300 3759.985040 -2.629e-12 8.120979 -0.000000 87.670250 4.989e-08
35400 3759.984474 -5.476e-12 8.120953 -0.000000 87.669708 4.926e-08
35500 3759.983915 -3.531e-12 8.120927 -0.000000 87.669174 4.864e-08
35600 3759.983362 -5.658e-12 8.120902 -0.000000 87.668646 4.803e-08
35700 3759.982817 -4.722e-12 8.120877 -0.000000 87.668125 4.743e-08
35800 3759.982278 -3.254e-12 8.120852 -0.000000 87.667611 4.683e-08
35900 3759.981746 -3.905e-12 8.120827 -0.000000 87.667103 4.625e-08
36000 3759.981221 -6.210e-12 8.120803 -0.000000 87.666602 4.566e-08
36100 3759.980703 -4.915e-12 8.120779 -0.000000 87.666108 4.509e-08
36200 3759.980191 -4.502e-12 8.120756 -0.000000 87.665620 4.452e-08
36300 3759.979685 -2.731e-12 8.120733 -0.000000 87.665138 4.396e-08
36400 3759.979186 -5.294e-12 8.120710 -0.000000 87.664663 4.341e-08
36500 3759.978693 -5.311e-12 8.120687 -0.000000 87.664194 4.287e-08
36600 3759.978206 -4.407e-12 8.120665 -0.000000 87.663731 4.233e-08
36700 3759.977725 -1.298e-12 8.120643 -0.000000 87.663273 4.180e-08
36800 3759.977251 -2.913e-12 8.120621 -0.000000 87.662822 4.127e-08
36900 3759.976782 -5.005e-12 8.120599 -0.000000 87.662377 4.075e-08
37000 3759.976319 -3.928e-12 8.120578 -0.000000 87.661937 4.024e-08
37100 3759.975862 -2.538e-12 8.120557 -0.000000 87.661503 3.973e-08
37200 3759.975411 -4.832e-12 8.120536 -0.000000 87.661075 3.923e-08
37300 3759.974966 -4.613e-12 8.120516 -0.000000 87.660652 3.874e-08
37400 3759.974526 -6.487e-12 8.120496 -0.000000 87.660235 3.825e-08
37500 3759.974091 -5.752e-12 8.120476 -0.000000 87.659823 3.777e-08
37600 3759.973663 -5.048e-12 8.120456 -0.000000 87.659417 3.730e-08
37700 3759.973239 -2.979e-12 8.120437 -0.000000 87.659015 3.683e-08
37800 3759.972821 -3.608e-12 8.120418 -0.000000 87.658619 3.636e-08
37900 3759.972408 -2.597e-12 8.120399 -0.000000 87.658228 3.591e-08
38000 3759.972000 -4.474e-12 8.120380 -0.000000 87.657842 3.546e-08
38100 3759.971598 -6.258e-12 8.120362 -0.000000 87.657461 3.501e-08
38200 3759.971200 -2.749e-12 8.120344 -0.000000 87.657085 3.457e-08
38300 3759.970807 -2.794e-12 8.120326 -0.000000 87.656714 3.414e-08
38400 3759.970420 -4.139e-12 8.120308 -0.000000 87.656348 3.371e-08
38500 3759.970037 -5.065e-12 8.120291 -0.000000 87.655986 3.328e-08
38600 3759.969659 -4.379e-12 8.120274 -0.000000 87.655629 3.286e-08
38700 3759.969286 -4.212e-12 8.120257 -0.000000 87.655277 3.245e-08
38800 3759.968917 -6.011e-12 8.120240 -0.000000 87.654929 3.204e-08
38900 3759.968554 -4.102e-12 8.120223 -0.000000 87.654585 3.164e-08
39000 3759.968194 -5.727e-12 8.120207 -0.000000 87.654246 3.124e-08
39100 3759.967840 -2.841e-12 8.120191 -0.000000 87.653912 3.085e-08
39200 3759.967489 -4.002e-12 8.120175 -0.000000 87.653581 3.046e-08
39300 3759.967143 -2.862e-12 8.120159 -0.000000 87.653255 3.008e-08
39400 3759.966802 -4.499e-12 8.120143 -0.000000 87.652934 2.970e-08
39500 3759.966465 -7.098e-12 8.120128 -0.000000 87.652616 2.933e-08
39600 3759.966132 -4.108e-12 8.120113 -0.000000 87.652302 2.896e-08
39700 3759.965803 -4.692e-12 8.120098 -0.000000 87.651993 2.859e-08
39800 3759.965478 -4.048e-12 8.120083 -0.000000 87.651687 2.823e-08
39900 3759.965158 -4.896e-12 8.120069 -0.000000 87.651385 2.788e-08
40000 3759.964841 -2.809e-12 8.120054 -0.000000 87.651088 2.753e-08
40100 3759.964528 -5.785e-12 8.120040 -0.000000 87.650794 2.718e-08
40200 3759.964220 -3.315e-12 8.120026 -0.000000 87.650503 2.684e-08
40300 3759.963915 -5.209e-12 8.120012 -0.000000 87.650217 2.650e-08
40400 3759.963614 -5.564e-12 8.119999 -0.000000 87.649934 2.617e-08
40500 3759.963317 -3.550e-12 8.119985 -0.000000 87.649655 2.584e-08
40600 3759.963023 -5.397e-12 8.119972 -0.000000 87.649379 2.551e-08
40700 3759.962734 -4.199e-12 8.119959 -0.000000 87.649107 2.519e-08
40800 3759.962448 -3.524e-12 8.119946 -0.000000 87.648839 2.488e-08
40900 3759.962165 -3.137e-12 8.119933 -0.000000 87.648573 2.456e-08
41000 3759.961886 -2.978e-12 8.119920 -0.000000 87.648312 2.426e-08
41100 3759.961611 -5.154e-12 8.119908 -0.000000 87.648053 2.395e-08
41200 3759.961339 -5.388e-12 8.119895 -0.000000 87.647798 2.365e-08
41300 3759.961070 -4.743e-12 8.119883 -0.000000 87.647546 2.335e-08
41400 3759.960805 -5.524e-12 8.119871 -0.000000 87.647298 2.306e-08
41500 3759.960543 -4.829e-12 8.119859 -0.000000 87.647052 2.277e-08
41600 3759.960285 -2.904e-12 8.119848 -0.000000 87.646810 2.248e-08
41700 3759.960029 -6.203e-12 8.119836 -0.000000 87.646571 2.220e-08
41800 3759.959777 -6.131e-12 8.119825 -0.000000 87.646335 2.192e-08
41900 3759.959528 -4.101e-12 8.119814 -0.000000 87.646102 2.164e-08
42000 3759.959283 -5.167e-12 8.119802 -0.000000 87.645872 2.137e-08
42100 3759.959040 -6.501e-12 8.119791 -0.000000 87.645645 2.110e-08
42200 3759.958800 -2.822e-12 8.119781 -0.000000 87.645420 2.084e-08
42300 3759.958564 -5.762e-12 8.119770 -0.000000 87.645199 2.058e-08
42400 3759.958330 -4.100e-12 8.119759 -0.000000 87.644980 2.032e-08
42500 3759.958099 -3.191e-12 8.119749 -0.000000 87.644765 2.006e-08
42600 3759.957872 -5.026e-12 8.119739 -0.000000 87.644552 1.981e-08
42700 3759.957647 -4.851e-12 8.119728 -0.000000 87.644341 1.956e-08
42800 3759.957424 -4.829e-12 8.119718 -0.000000 87.644134 1.932e-08
42900 3759.957205 -6.075e-12 8.119709 -0.000000 87.643929 1.907e-08
43000 3759.956989 -5.600e-12 8.119699 -0.000000 87.643727 1.883e-08
43100 3759.956775 -3.305e-12 8.119689 -0.000000 87.643527 1.860e-08
43200 3759.956564 -3.408e-12 8.119680 -0.000000 87.643330 1.836e-08
43300 3759.956355 -5.052e-12 8.119670 -0.000000 87.643135 1.813e-08
43400 3759.956149 -4.671e-12 8.119661 -0.000000 87.642943 1.790e-08
43500 3759.955946 -4.163e-12 8.119652 -0.000000 87.642753 1.768e-08
43600 3759.955745 -4.184e-12 8.119643 -0.000000 87.642566 1.746e-08
43700 3759.955547 -4.655e-12 8.119634 -0.000000 87.642381 1.724e-08
43800 3759.955351 -4.608e-12 8.119625 -0.000000 87.642198 1.702e-08
43900 3759.955158 -4.383e-12 8.119616 -0.000000 87.642018 1.681e-08
44000 3759.954967 -4.810e-12 8.119608 -0.000000 87.641840 1.660e-08
44100 3759.954778 -4.391e-12 8.119599 -0.000000 87.641664 1.639e-08
44200 3759.954592 -5.460e-12 8.119591 -0.000000 87.641491 1.618e-08
44300 3759.954409 -5.414e-12 8.119582 -0.000000 87.641319 1.598e-08
44400 3759.954227 -2.904e-12 8.119574 -0.000000 87.641150 1.578e-08
44500 3759.954048 -3.044e-12 8.119566 -0.000000 87.640983 1.558e-08
44600 3759.953871 -4.481e-12 8.119558 -0.000000 87.640819 1.538e-08
44700 3759.953696 -4.925e-12 8.119550 -0.000000 87.640656 1.519e-08
44800 3759.953524 -2.583e-12 8.119543 -0.000000 87.640495 1.500e-08
44900 3759.953354 -4.192e-12 8.119535 -0.000000 87.640337 1.481e-08
45000 3759.953185 -5.889e-12 8.119527 -0.000000 87.640180 1.463e-08
45100 3759.953019 -6.141e-12 8.119520 -0.000000 87.640026 1.444e-08
45200 3759.952855 -6.601e-12 8.119513 -0.000000 87.639873 1.426e-08
45300 3759.952693 -4.378e-12 8.119505 -0.000000 87.639722 1.408e-08
45400 3759.952533 -3.890e-12 8.119498 -0.000000 87.639573 1.390e-08
45500 3759.952376 -4.495e-12 8.119491 -0.000000 87.639427 1.373e-08
45600 3759.952220 -6.031e-12 8.119484 -0.000000 87.639282 1.356e-08
45700 3759.952066 -3.338e-12 8.119477 -0.000000 87.639138 1.339e-08
45800 3759.951914 -3.774e-12 8.119470 -0.000000 87.638997 1.322e-08
45900 3759.951764 -3.976e-12 8.119463 -0.000000 87.638858 1.305e-08
46000 3759.951615 -4.310e-12 8.119457 -0.000000 87.638720 1.289e-08
46100 3759.951469 -5.197e-12 8.119450 -0.000000 87.638584 1.273e-08
46200 3759.951324 -4.943e-12 8.119444 -0.000000 87.638449 1.257e-08
46300 3759.951182 -2.259e-12 8.119437 -0.000000 87.638317 1.241e-08
46400 3759.951041 -3.179e-12 8.119431 -0.000000 87.638186 1.225e-08
46500 3759.950902 -5.025e-12 8.119425 -0.000000 87.638057 1.210e-08
46600 3759.950764 -6.736e-12 8.119419 -0.000000 87.637929 1.195e-08
46700 3759.950629 -5.412e-12 8.119412 -0.000000 87.637803 1.180e-08
46800 3759.950495 -5.691e-12 8.119406 -0.000000 87.637679 1.165e-08
46900 3759.950362 -4.675e-12 8.119401 -0.000000 87.637556 1.150e-08
47000 3759.950232 -3.411e-12 8.119395 -0.000000 87.637435 1.136e-08
47100 3759.950103 -4.229e-12 8.119389 -0.000000 87.637315 1.122e-08
47200 3759.949975 -4.523e-12 8.119383 -0.000000 87.637197 1.108e-08
47300 3759.949849 -4.638e-12 8.119377 -0.000000 87.637080 1.094e-08
47400 3759.949725 -4.445e-12 8.119372 -0.000000 87.636965 1.080e-08
47500 3759.949603 -3.224e-12 8.119366 -0.000000 87.636851 1.067e-08
47600 3759.949481 -4.994e-12 8.119361 -0.000000 87.636739 1.053e-08
47700 3759.949362 -6.371e-12 8.119356 -0.000000 87.636628 1.040e-08
47800 3759.949244 -4.906e-12 8.119350 -0.000000 87.636518 1.027e-08
47900 3759.949127 -5.423e-12 8.119345 -0.000000 87.636410 1.014e-08
48000 3759.949012 -4.998e-12 8.119340 -0.000000 87.636303 1.001e-08
48100 3759.948898 -3.694e-12 8.119335 -0.000000 87.636198 9.887e-09
48200 3759.948786 -2.856e-12 8.119330 -0.000000 87.636094 9.763e-09
48300 3759.948675 -3.841e-12 8.119325 -0.000000 87.635991 9.641e-09
48400 3759.948566 -4.049e-12 8.119320 -0.000000 87.635890 9.520e-09
48500 3759.948458 -4.057e-12 8.119315 -0.000000 87.635790 9.401e-09
48600 3759.948351 -3.389e-12 8.119310 -0.000000 87.635691 9.283e-09
48700 3759.948245 -3.831e-12 8.119306 -0.000000 87.635593 9.166e-09
48800 3759.948141 -4.782e-12 8.119301 -0.000000 87.635497 9.051e-09
48900 3759.948038 -5.689e-12 8.119296 -0.000000 87.635401 8.938e-09
49000 3759.947937 -5.074e-12 8.119292 -0.000000 87.635307 8.826e-09
49100 3759.947837 -3.167e-12 8.119287 -0.000000 87.635215 8.715e-09
49200 3759.947738 -4.176e-12 8.119283 -0.000000 87.635123 8.606e-09
49300 3759.947640 -2.638e-12 8.119278 -0.000000 87.635033 8.498e-09
49400 3759.947544 -6.814e-12 8.119274 -0.000000 87.634943 8.392e-09
49500 3759.947448 -2.795e-12 8.119270 -0.000000 87.634855 8.286e-09
49600 3759.947354 -3.529e-12 8.119266 -0.000000 87.634768 8.183e-09
49700 3759.947261 -3.899e-12 8.119262 -0.000000 87.634682 8.080e-09
49800 3759.947170 -6.336e-12 8.119257 -0.000000 87.634597 7.979e-09
49900 3759.947079 -4.611e-12 8.119253 -0.000000 87.634513 7.879e-09
50000 3759.946989 -3.407e-12 8.119249 -0.000000 87.634431 7.780e-09
50100 3759.946901 -4.092e-12 8.119245 -0.000000 87.634349 7.683e-09
50200 3759.946814 -6.190e-12 8.119242 -0.000000 87.634268 7.586e-09
50300 3759.946728 -3.136e-12 8.119238 -0.000000 87.634188 7.491e-09
50400 3759.946643 -5.302e-12 8.119234 -0.000000 87.634110 7.397e-09
50500 3759.946559 -5.197e-12 8.119230 -0.000000 87.634032 7.305e-09
50600 3759.946476 -5.146e-12 8.119226 -0.000000 87.633955 7.213e-09
50700 3759.946394 -5.068e-12 8.119223 -0.000000 87.633880 7.123e-09
50800 3759.946313 -3.942e-12 8.119219 -0.000000 87.633805 7.034e-09
50900 3759.946233 -2.922e-12 8.119216 -0.000000 87.633731 6.945e-09
51000 3759.946154 -6.416e-12 8.119212 -0.000000 87.633658 6.858e-09
51100 3759.946076 -5.696e-12 8.119209 -0.000000 87.633586 6.773e-09
51200 3759.945999 -4.533e-12 8.119205 -0.000000 87.633515 6.688e-09
51300 3759.945923 -5.098e-12 8.119202 -0.000000 87.633445 6.604e-09
51400 3759.945848 -4.612e-12 8.119198 -0.000000 87.633376 6.521e-09
51500 3759.945774 -3.348e-12 8.119195 -0.000000 87.633307 6.440e-09
51600 3759.945701 -6.033e-12 8.119192 -0.000000 87.633240 6.359e-09
51700 3759.945629 -4.077e-12 8.119189 -0.000000 87.633173 6.279e-09
51800 3759.945558 -2.935e-12 8.119185 -0.000000 87.633107 6.201e-09
51900 3759.945487 -4.304e-12 8.119182 -0.000000 87.633042 6.123e-09
52000 3759.945418 -6.722e-12 8.119179 -0.000000 87.632978 6.046e-09
52100 3759.945349 -6.200e-12 8.119176 -0.000000 87.632915 5.971e-09
52200 3759.945281 -4.649e-12 8.119173 -0.000000 87.632852 5.896e-09
52300 3759.945214 -3.762e-12 8.119170 -0.000000 87.632790 5.822e-09
52400 3759.945148 -5.397e-12 8.119167 -0.000000 87.632729 5.749e-09
52500 3759.945083 -4.813e-12 8.119164 -0.000000 87.632669 5.677e-09
52600 3759.945018 -4.892e-12 8.119161 -0.000000 87.632609 5.606e-09
52700 3759.944955 -4.220e-12 8.119158 -0.000000 87.632551 5.536e-09
52800 3759.944892 -5.499e-12 8.119156 -0.000000 87.632493 5.467e-09
52900 3759.944830 -3.517e-12 8.119153 -0.000000 87.632435 5.398e-09
53000 3759.944769 -6.208e-12 8.119150 -0.000000 87.632379 5.331e-09
53100 3759.944708 -5.253e-12 8.119147 -0.000000 87.632323 5.264e-09
53200 3759.944648 -3.105e-12 8.119145 -0.000000 87.632268 5.198e-09
53300 3759.944589 -3.225e-12 8.119142 -0.000000 87.632213 5.133e-09
53400 3759.944531 -7.817e-12 8.119139 -0.000000 87.632160 5.069e-09
53500 3759.944473 -5.200e-12 8.119137 -0.000000 87.632106 5.005e-09
53600 3759.944417 -5.963e-12 8.119134 -0.000000 87.632054 4.943e-09
53700 3759.944360 -6.301e-12 8.119132 -0.000000 87.632002 4.881e-09
53800 3759.944305 -3.394e-12 8.119129 -0.000000 87.631951 4.820e-09
53900 3759.944250 -4.313e-12 8.119127 -0.000000 87.631901 4.760e-09
54000 3759.944196 -4.882e-12 8.119125 -0.000000 87.631851 4.700e-09
54100 3759.944143 -3.965e-12 8.119122 -0.000000 87.631802 4.641e-09
54200 3759.944090 -5.360e-12 8.119120 -0.000000 87.631753 4.583e-09
54300 3759.944038 -3.857e-12 8.119118 -0.000000 87.631705 4.526e-09
54400 3759.943987 -5.026e-12 8.119115 -0.000000 87.631658 4.469e-09
54500 3759.943936 -5.907e-12 8.119113 -0.000000 87.631611 4.413e-09
54600 3759.943886 -6.154e-12 8.119111 -0.000000 87.631565 4.358e-09
54700 3759.943836 -4.055e-12 8.119109 -0.000000 87.631519 4.304e-09
54800 3759.943787 -3.374e-12 8.119106 -0.000000 87.631474 4.250e-09
54900 3759.943739 -5.249e-12 8.119104 -0.000000 87.631430 4.197e-09
55000 3759.943691 -3.591e-12 8.119102 -0.000000 87.631386 4.144e-09
55100 3759.943644 -4.823e-12 8.119100 -0.000000 87.631342 4.092e-09
55200 3759.943598 -5.240e-12 8.119098 -0.000000 87.631300 4.041e-09
55300 3759.943552 -4.445e-12 8.119096 -0.000000 87.631257 3.991e-09
55400 3759.943507 -4.036e-12 8.119094 -0.000000 87.631215 3.941e-09
55500 3759.943462 -6.573e-12 8.119092 -0.000000 87.631174 3.891e-09
55600 3759.943418 -5.296e-12 8.119090 -0.000000 87.631134 3.843e-09
55700 3759.943374 -4.697e-12 8.119088 -0.000000 87.631093 3.795e-09
55800 3759.943331 -3.937e-12 8.119086 -0.000000 87.631054 3.747e-09
55900 3759.943289 -3.690e-12 8.119084 -0.000000 87.631014 3.700e-09
56000 3759.943247 -6.793e-12 8.119082 -0.000000 87.630976 3.654e-09
56100 3759.943205 -4.354e-12 8.119080 -0.000000 87.630938 3.608e-09
56200 3759.943164 -3.553e-12 8.119079 -0.000000 87.630900 3.563e-09
56300 3759.943124 -5.325e-12 8.119077 -0.000000 87.630863 3.519e-09
56400 3759.943084 -3.746e-12 8.119075 -0.000000 87.630826 3.475e-09
56500 3759.943044 -4.351e-12 8.119073 -0.000000 87.630789 3.431e-09
56600 3759.943005 -3.037e-12 8.119071 -0.000000 87.630754 3.388e-09
56700 3759.942967 -5.890e-12 8.119070 -0.000000 87.630718 3.346e-09
56800 3759.942929 -2.760e-12 8.119068 -0.000000 87.630683 3.304e-09
56900 3759.942891 -6.748e-12 8.119066 -0.000000 87.630649 3.263e-09
57000 3759.942854 -3.754e-12 8.119065 -0.000000 87.630615 3.222e-09
57100 3759.942818 -4.903e-12 8.119063 -0.000000 87.630581 3.182e-09
57200 3759.942781 -5.112e-12 8.119061 -0.000000 87.630548 3.142e-09
57300 3759.942746 -5.690e-12 8.119060 -0.000000 87.630515 3.103e-09
57400 3759.942710 -4.797e-12 8.119058 -0.000000 87.630482 3.064e-09
57500 3759.942676 -5.217e-12 8.119057 -0.000000 87.630450 3.026e-09
57600 3759.942641 -5.740e-12 8.119055 -0.000000 87.630419 2.988e-09
57700 3759.942607 -3.969e-12 8.119054 -0.000000 87.630387 2.951e-09
57800 3759.942574 -4.766e-12 8.119052 -0.000000 87.630357 2.914e-09
57900 3759.942541 -5.519e-12 8.119051 -0.000000 87.630326 2.877e-09
58000 3759.942508 -3.370e-12 8.119049 -0.000000 87.630296 2.842e-09
58100 3759.942476 -4.474e-12 8.119048 -0.000000 87.630266 2.806e-09
58200 3759.942444 -3.306e-12 8.119046 -0.000000 87.630237 2.771e-09
58300 3759.942412 -7.372e-12 8.119045 -0.000000 87.630208 2.736e-09
58400 3759.942381 -4.532e-12 8.119044 -0.000000 87.630180 2.702e-09
58500 3759.942351 -5.638e-12 8.119042 -0.000000 87.630151 2.668e-09
58600 3759.942320 -5.710e-12 8.119041 -0.000000 87.630123 2.635e-09
58700 3759.942291 -5.094e-12 8.119040 -0.000000 87.630096 2.602e-09
58800 3759.942261 -3.527e-12 8.119038 -0.000000 87.630069 2.570e-09
58900 3759.942232 -3.768e-12 8.119037 -0.000000 87.630042 2.538e-09
59000 3759.942203 -5.559e-12 8.119036 -0.000000 87.630015 2.506e-09
59100 3759.942174 -4.924e-12 8.119034 -0.000000 87.629989 2.475e-09
59200 3759.942146 -5.089e-12 8.119033 -0.000000 87.629963 2.444e-09
59300 3759.942119 -4.102e-12 8.119032 -0.000000 87.629938 2.413e-09
59400 3759.942091 -5.137e-12 8.119031 -0.000000 87.629913 2.383e-09
59500 3759.942064 -3.342e-12 8.119030 -0.000000 87.629888 2.353e-09
59600 3759.942037 -4.059e-12 8.119028 -0.000000 87.629863 2.324e-09
59700 3759.942011 -3.538e-12 8.119027 -0.000000 87.629839 2.295e-09
59800 3759.941985 -4.370e-12 8.119026 -0.000000 87.629815 2.266e-09
59900 3759.941959 -5.006e-12 8.119025 -0.000000 87.629791 2.238e-09
60000 3759.941934 -2.947e-12 8.119024 -0.000000 87.629768 2.210e-09
60100 3759.941909 -3.550e-12 8.119023 -0.000000 87.629745 2.182e-09
60200 3759.941884 -4.885e-12 8.119022 -0.000000 87.629722 2.155e-09
60300 3759.941859 -6.452e-12 8.119020 -0.000000 87.629700 2.128e-09
60400 3759.941835 -4.851e-12 8.119019 -0.000000 87.629677 2.102e-09
60500 3759.941811 -4.845e-12 8.119018 -0.000000 87.629656 2.075e-09
60600 3759.941788 -3.262e-12 8.119017 -0.000000 87.629634 2.050e-09
60700 3759.941765 -3.712e-12 8.119016 -0.000000 87.629612 2.024e-09
60800 3759.941742 -4.939e-12 8.119015 -0.000000 87.629591 1.999e-09
60900 3759.941719 -4.388e-12 8.119014 -0.000000 87.629570 1.974e-09
61000 3759.941697 -5.172e-12 8.119013 -0.000000 87.629550 1.949e-09
61100 3759.941674 -4.348e-12 8.119012 -0.000000 87.629530 1.925e-09
61200 3759.941653 -6.181e-12 8.119011 -0.000000 87.629509 1.901e-09
61300 3759.941631 -5.905e-12 8.119010 -0.000000 87.629490 1.877e-09
61400 3759.941610 -6.838e-12 8.119009 -0.000000 87.629470 1.854e-09
61500 3759.941589 -3.017e-12 8.119008 -0.000000 87.629451 1.831e-09
61600 3759.941568 -6.070e-12 8.119007 -0.000000 87.629432 1.808e-09
61700 3759.941547 -4.080e-12 8.119007 -0.000000 87.629413 1.785e-09
61800 3759.941527 -3.865e-12 8.119006 -0.000000 87.629394 1.763e-09
61900 3759.941507 -5.436e-12 8.119005 -0.000000 87.629376 1.741e-09
62000 3759.941487 -4.284e-12 8.119004 -0.000000 87.629358 1.719e-09
62100 3759.941468 -6.414e-12 8.119003 -0.000000 87.629340 1.698e-09
62200 3759.941448 -3.762e-12 8.119002 -0.000000 87.629322 1.676e-09
62300 3759.941429 -4.488e-12 8.119001 -0.000000 87.629304 1.656e-09
62400 3759.941411 -3.957e-12 8.119000 -0.000000 87.629287 1.635e-09
62500 3759.941392 -3.978e-12 8.119000 -0.000000 87.629270 1.615e-09
62600 3759.941374 -3.850e-12 8.118999 -0.000000 87.629253 1.594e-09
62700 3759.941356 -5.121e-12 8.118998 -0.000000 87.629237 1.574e-09
62800 3759.941338 -4.038e-12 8.118997 -0.000000 87.629220 1.555e-09
62900 3759.941320 -4.752e-12 8.118996 -0.000000 87.629204 1.535e-09
63000 3759.941303 -5.154e-12 8.118996 -0.000000 87.629188 1.516e-09
63100 3759.941285 -5.706e-12 8.118995 -0.000000 87.629172 1.497e-09
63200 3759.941268 -5.349e-12 8.118994 -0.000000 87.629157 1.479e-09
63300 3759.941252 -6.620e-12 8.118993 -0.000000 87.629141 1.460e-09
63400 3759.941235 -4.971e-12 8.118993 -0.000000 87.629126 1.442e-09
63500 3759.941219 -5.359e-12 8.118992 -0.000000 87.629111 1.424e-09
63600 3759.941202 -4.870e-12 8.118991 -0.000000 87.629096 1.406e-09
63700 3759.941186 -5.101e-12 8.118990 -0.000000 87.629081 1.389e-09
63800 3759.941171 -2.303e-12 8.118990 -0.000000 87.629067 1.371e-09
63900 3759.941155 -5.159e-12 8.118989 -0.000000 87.629053 1.354e-09
64000 3759.941140 -6.528e-12 8.118988 -0.000000 87.629038 1.337e-09
64100 3759.941125 -5.746e-12 8.118988 -0.000000 87.629025 1.321e-09
64200 3759.941110 -4.348e-12 8.118987 -0.000000 87.629011 1.304e-09
64300 3759.941095 -4.085e-12 8.118986 -0.000000 87.628997 1.288e-09
64400 3759.941080 -5.602e-12 8.118986 -0.000000 87.628984 1.272e-09
64500 3759.941066 -4.445e-12 8.118985 -0.000000 87.628970 1.256e-09
64600 3759.941051 -5.052e-12 8.118984 -0.000000 87.628957 1.240e-09
64700 3759.941037 -4.733e-12 8.118984 -0.000000 87.628944 1.225e-09
64800 3759.941023 -4.343e-12 8.118983 -0.000000 87.628932 1.210e-09
64900 3759.941010 -4.770e-12 8.118983 -0.000000 87.628919 1.195e-09
65000 3759.940996 -4.776e-12 8.118982 -0.000000 87.628907 1.180e-09
65100 3759.940983 -3.811e-12 8.118981 -0.000000 87.628894 1.165e-09
65200 3759.940969 -3.979e-12 8.118981 -0.000000 87.628882 1.151e-09
65300 3759.940956 -5.622e-12 8.118980 -0.000000 87.628870 1.136e-09
65400 3759.940943 -5.267e-12 8.118980 -0.000000 87.628858 1.122e-09
65500 3759.940931 -2.004e-12 8.118979 -0.000000 87.628847 1.108e-09
65600 3759.940918 -5.997e-12 8.118979 -0.000000 87.628835 1.094e-09
65700 3759.940906 -4.228e-12 8.118978 -0.000000 87.628824 1.081e-09
65800 3759.940893 -5.145e-12 8.118977 -0.000000 87.628812 1.067e-09
65900 3759.940881 -4.984e-12 8.118977 -0.000000 87.628801 1.054e-09
66000 3759.940869 -4.269e-12 8.118976 -0.000000 87.628790 1.041e-09
66100 3759.940858 -4.356e-12 8.118976 -0.000000 87.628779 1.028e-09
66200 3759.940846 -6.288e-12 8.118975 -0.000000 87.628769 1.015e-09
66300 3759.940834 -5.135e-12 8.118975 -0.000000 87.628758 1.002e-09
66400 3759.940823 -5.037e-12 8.118974 -0.000000 87.628748 9.897e-10
66500 3759.940812 -5.768e-12 8.118974 -0.000000 87.628737 9.774e-10
66600 3759.940801 -5.941e-12 8.118973 -0.000000 87.628727 9.652e-10
66700 3759.940790 -6.074e-12 8.118973 -0.000000 87.628717 9.532e-10
66800 3759.940779 -5.565e-12 8.118972 -0.000000 87.628707 9.413e-10
66900 3759.940768 -6.078e-12 8.118972 -0.000000 87.628697 9.296e-10
67000 3759.940758 -6.171e-12 8.118971 -0.000000 87.628688 9.180e-10
67100 3759.940747 -5.801e-12 8.118971 -0.000000 87.628678 9.066e-10
67200 3759.940737 -6.507e-12 8.118971 -0.000000 87.628669 8.953e-10
67300 3759.940727 -6.747e-12 8.118970 -0.000000 87.628659 8.841e-10
67400 3759.940717 -4.998e-12 8.118970 -0.000000 87.628650 8.731e-10
67500 3759.940707 -4.893e-12 8.118969 -0.000000 87.628641 8.622e-10
67600 3759.940697 -4.934e-12 8.118969 -0.000000 87.628632 8.515e-10
67700 3759.940687 -5.468e-12 8.118968 -0.000000 87.628623 8.409e-10
67800 3759.940678 -4.797e-12 8.118968 -0.000000 87.628615 8.304e-10
67900 3759.940668 -6.095e-12 8.118967 -0.000000 87.628606 8.200e-10
68000 3759.940659 -3.448e-12 8.118967 -0.000000 87.628597 8.098e-10
68100 3759.940650 -4.043e-12 8.118967 -0.000000 87.628589 7.997e-10
68200 3759.940641 -4.462e-12 8.118966 -0.000000 87.628581 7.898e-10
68300 3759.940632 -5.157e-12 8.118966 -0.000000 87.628572 7.799e-10
68400 3759.940623 -3.630e-12 8.118965 -0.000000 87.628564 7.702e-10
68500 3759.940614 -4.744e-12 8.118965 -0.000000 87.628556 7.606e-10
68600 3759.940605 -5.895e-12 8.118965 -0.000000 87.628548 7.511e-10
68700 3759.940597 -5.574e-12 8.118964 -0.000000 87.628540 7.418e-10
68800 3759.940589 -5.671e-12 8.118964 -0.000000 87.628533 7.325e-10
68900 3759.940580 -6.962e-12 8.118964 -0.000000 87.628525 7.234e-10
69000 3759.940572 -4.712e-12 8.118963 -0.000000 87.628518 7.144e-10
69100 3759.940564 -5.020e-12 8.118963 -0.000000 87.628510 7.055e-10
69200 3759.940556 -5.590e-12 8.118962 -0.000000 87.628503 6.967e-10
69300 3759.940548 -5.971e-12 8.118962 -0.000000 87.628496 6.880e-10
69400 3759.940540 -6.981e-12 8.118962 -0.000000 87.628488 6.795e-10
69500 3759.940532 -5.761e-12 8.118961 -0.000000 87.628481 6.710e-10
69600 3759.940525 -6.353e-12 8.118961 -0.000000 87.628474 6.626e-10
69700 3759.940517 -5.036e-12 8.118961 -0.000000 87.628467 6.544e-10
69800 3759.940510 -4.156e-12 8.118960 -0.000000 87.628461 6.462e-10
69900 3759.940503 -6.577e-12 8.118960 -0.000000 87.628454 6.382e-10
70000 3759.940495 -4.506e-12 8.118960 -0.000000 87.628447 6.302e-10
70100 3759.940488 -4.556e-12 8.118959 -0.000000 87.628441 6.224e-10
70200 3759.940481 -4.828e-12 8.118959 -0.000000 87.628434 6.146e-10
70300 3759.940474 -4.504e-12 8.118959 -0.000000 87.628428 6.070e-10
70400 3759.940467 -5.854e-12 8.118959 -0.000000 87.628421 5.994e-10
70500 3759.940460 -3.188e-12 8.118958 -0.000000 87.628415 5.920e-10
70600 3759.940454 -3.648e-12 8.118958 -0.000000 87.628409 5.846e-10
70700 3759.940447 -6.700e-12 8.118958 -0.000000 87.628403 5.773e-10
70800 3759.940440 -7.544e-12 8.118957 -0.000000 87.628397 5.701e-10
70900 3759.940434 -4.218e-12 8.118957 -0.000000 87.628391 5.630e-10
71000 3759.940428 -4.804e-12 8.118957 -0.000000 87.628385 5.560e-10
71100 3759.940421 -4.383e-12 8.118956 -0.000000 87.628379 5.491e-10
71200 3759.940415 -5.209e-12 8.118956 -0.000000 87.628374 5.423e-10
71300 3759.940409 -6.224e-12 8.118956 -0.000000 87.628368 5.355e-10
71400 3759.940403 -3.525e-12 8.118956 -0.000000 87.628362 5.288e-10
71500 3759.940397 -6.193e-12 8.118955 -0.000000 87.628357 5.223e-10
71600 3759.940391 -7.227e-12 8.118955 -0.000000 87.628351 5.158e-10
71700 3759.940385 -6.012e-12 8.118955 -0.000000 87.628346 5.093e-10
71800 3759.940379 -3.251e-12 8.118955 -0.000000 87.628341 5.030e-10
71900 3759.940373 -3.875e-12 8.118954 -0.000000 87.628336 4.967e-10
72000 3759.940368 -5.792e-12 8.118954 -0.000000 87.628330 4.905e-10
72100 3759.940362 -6.827e-12 8.118954 -0.000000 87.628325 4.844e-10
72200 3759.940357 -6.618e-12 8.118954 -0.000000 87.628320 4.784e-10
72300 3759.940351 -6.522e-12 8.118953 -0.000000 87.628315 4.725e-10
72400 3759.940346 -4.691e-12 8.118953 -0.000000 87.628310 4.666e-10
72500 3759.940341 -4.719e-12 8.118953 -0.000000 87.628305 4.608e-10
72600 3759.940335 -6.465e-12 8.118953 -0.000000 87.628301 4.550e-10
72700 3759.940330 -6.038e-12 8.118952 -0.000000 87.628296 4.494e-10
72800 3759.940325 -5.948e-12 8.118952 -0.000000 87.628291 4.438e-10
72900 3759.940320 -5.268e-12 8.118952 -0.000000 87.628287 4.382e-10
73000 3759.940315 -5.502e-12 8.118952 -0.000000 87.628282 4.328e-10
73100 3759.940310 -6.298e-12 8.118952 -0.000000 87.628278 4.274e-10
73200 3759.940305 -6.948e-12 8.118951 -0.000000 87.628273 4.221e-10
73300 3759.940301 -5.263e-12 8.118951 -0.000000 87.628269 4.168e-10
73400 3759.940296 -7.651e-12 8.118951 -0.000000 87.628264 4.116e-10
73500 3759.940291 -8.004e-12 8.118951 -0.000000 87.628260 4.065e-10
73600 3759.940287 -6.093e-12 8.118951 -0.000000 87.628256 4.015e-10
73700 3759.940282 -3.842e-12 8.118950 -0.000000 87.628252 3.965e-10
73800 3759.940278 -5.323e-12 8.118950 -0.000000 87.628248 3.915e-10
73900 3759.940273 -6.937e-12 8.118950 -0.000000 87.628243 3.867e-10
74000 3759.940269 -6.529e-12 8.118950 -0.000000 87.628239 3.818e-10
74100 3759.940264 -5.938e-12 8.118950 -0.000000 87.628235 3.771e-10
74200 3759.940260 -6.913e-12 8.118949 -0.000000 87.628232 3.724e-10
74300 3759.940256 -4.253e-12 8.118949 -0.000000 87.628228 3.678e-10
74400 3759.940252 -2.839e-12 8.118949 -0.000000 87.628224 3.632e-10
74500 3759.940248 -4.915e-12 8.118949 -0.000000 87.628220 3.587e-10
74600 3759.940243 -7.305e-12 8.118949 -0.000000 87.628216 3.542e-10
74700 3759.940239 -4.486e-12 8.118948 -0.000000 87.628213 3.498e-10
74800 3759.940235 -3.966e-12 8.118948 -0.000000 87.628209 3.454e-10
74900 3759.940232 -4.722e-12 8.118948 -0.000000 87.628205 3.411e-10
75000 3759.940228 -4.310e-12 8.118948 -0.000000 87.628202 3.369e-10
75100 3759.940224 -5.088e-12 8.118948 -0.000000 87.628198 3.327e-10
75200 3759.940220 -5.316e-12 8.118948 -0.000000 87.628195 3.286e-10
75300 3759.940216 -4.977e-12 8.118947 -0.000000 87.628191 3.245e-10
75400 3759.940213 -6.265e-12 8.118947 -0.000000 87.628188 3.204e-10
75500 3759.940209 -4.872e-12 8.118947 -0.000000 87.628185 3.165e-10
75600 3759.940205 -3.739e-12 8.118947 -0.000000 87.628181 3.125e-10
75700 3759.940202 -3.590e-12 8.118947 -0.000000 87.628178 3.086e-10
75800 3759.940198 -4.927e-12 8.118947 -0.000000 87.628175 3.048e-10
75900 3759.940195 -3.253e-12 8.118946 -0.000000 87.628172 3.010e-10
76000 3759.940191 -6.131e-12 8.118946 -0.000000 87.628169 2.972e-10
76100 3759.940188 -6.436e-12 8.118946 -0.000000 87.628166 2.935e-10
76200 3759.940185 -3.878e-12 8.118946 -0.000000 87.628163 2.899e-10
76300 3759.940181 -4.223e-12 8.118946 -0.000000 87.628160 2.863e-10
76400 3759.940178 -4.452e-12 8.118946 -0.000000 87.628157 2.827e-10
76500 3759.940175 -3.216e-12 8.118946 -0.000000 87.628154 2.792e-10
76600 3759.940172 -6.331e-12 8.118945 -0.000000 87.628151 2.757e-10
76700 3759.940169 -5.487e-12 8.118945 -0.000000 87.628148 2.723e-10
76800 3759.940166 -6.822e-12 8.118945 -0.000000 87.628145 2.689e-10
76900 3759.940163 -5.984e-12 8.118945 -0.000000 87.628142 2.656e-10
77000 3759.940160 -6.317e-12 8.118945 -0.000000 87.628139 2.623e-10
77100 3759.940157 -4.924e-12 8.118945 -0.000000 87.628137 2.590e-10
77200 3759.940154 -4.646e-12 8.118945 -0.000000 87.628134 2.558e-10
77300 3759.940151 -3.400e-12 8.118944 -0.000000 87.628131 2.526e-10
77400 3759.940148 -5.716e-12 8.118944 -0.000000 87.628129 2.495e-10
77500 3759.940145 -5.834e-12 8.118944 -0.000000 87.628126 2.464e-10
77600 3759.940142 -5.371e-12 8.118944 -0.000000 87.628124 2.433e-10
77700 3759.940139 -5.120e-12 8.118944 -0.000000 87.628121 2.403e-10
77800 3759.940137 -4.799e-12 8.118944 -0.000000 87.628119 2.373e-10
77900 3759.940134 -5.353e-12 8.118944 -0.000000 87.628116 2.343e-10
78000 3759.940131 -6.668e-12 8.118944 -0.000000 87.628114 2.314e-10
78100 3759.940129 -6.033e-12 8.118944 -0.000000 87.628111 2.285e-10
78200 3759.940126 -5.817e-12 8.118943 -0.000000 87.628109 2.257e-10
78300 3759.940124 -7.476e-12 8.118943 -0.000000 87.628107 2.229e-10
78400 3759.940121 -4.910e-12 8.118943 -0.000000 87.628104 2.201e-10
78500 3759.940119 -3.811e-12 8.118943 -0.000000 87.628102 2.174e-10
78600 3759.940116 -6.007e-12 8.118943 -0.000000 87.628100 2.147e-10
78700 3759.940114 -5.518e-12 8.118943 -0.000000 87.628097 2.120e-10
78800 3759.940111 -4.379e-12 8.118943 -0.000000 87.628095 2.094e-10
78900 3759.940109 -5.802e-12 8.118943 -0.000000 87.628093 2.068e-10
79000 3759.940107 -6.905e-12 8.118943 -0.000000 87.628091 2.042e-10
79100 3759.940104 -5.479e-12 8.118942 -0.000000 87.628089 2.016e-10
79200 3759.940102 -5.446e-12 8.118942 -0.000000 87.628087 1.991e-10
79300 3759.940100 -4.728e-12 8.118942 -0.000000 87.628085 1.967e-10
79400 3759.940097 -5.533e-12 8.118942 -0.000000 87.628083 1.942e-10
79500 3759.940095 -7.089e-12 8.118942 -0.000000 87.628081 1.918e-10
79600 3759.940093 -4.731e-12 8.118942 -0.000000 87.628079 1.894e-10
79700 3759.940091 -5.208e-12 8.118942 -0.000000 87.628077 1.871e-10
79800 3759.940089 -4.812e-12 8.118942 -0.000000 87.628075 1.847e-10
79900 3759.940087 -6.857e-12 8.118942 -0.000000 87.628073 1.824e-10
80000 3759.940085 -4.861e-12 8.118942 -0.000000 87.628071 1.802e-10
80100 3759.940083 -5.854e-12 8.118941 -0.000000 87.628069 1.779e-10
80200 3759.940081 -6.424e-12 8.118941 -0.000000 87.628067 1.757e-10
80300 3759.940079 -4.722e-12 8.118941 -0.000000 87.628065 1.735e-10
80400 3759.940077 -5.578e-12 8.118941 -0.000000 87.628063 1.714e-10
80500 3759.940075 -3.998e-12 8.118941 -0.000000 87.628062 1.692e-10
80600 3759.940073 -6.132e-12 8.118941 -0.000000 87.628060 1.671e-10
80700 3759.940071 -6.440e-12 8.118941 -0.000000 87.628058 1.651e-10
80800 3759.940069 -3.437e-12 8.118941 -0.000000 87.628056 1.630e-10
80900 3759.940067 -6.641e-12 8.118941 -0.000000 87.628055 1.610e-10
81000 3759.940065 -5.376e-12 8.118941 -0.000000 87.628053 1.590e-10
81100 3759.940063 -5.182e-12 8.118941 -0.000000 87.628051 1.570e-10
81200 3759.940062 -5.790e-12 8.118941 -0.000000 87.628050 1.550e-10
81300 3759.940060 -6.212e-12 8.118940 -0.000000 87.628048 1.531e-10
81400 3759.940058 -4.196e-12 8.118940 -0.000000 87.628047 1.512e-10
81500 3759.940056 -4.870e-12 8.118940 -0.000000 87.628045 1.493e-10
81600 3759.940055 -5.490e-12 8.118940 -0.000000 87.628043 1.475e-10
81700 3759.940053 -4.656e-12 8.118940 -0.000000 87.628042 1.456e-10
81800 3759.940051 -5.370e-12 8.118940 -0.000000 87.628040 1.438e-10
81900 3759.940050 -5.171e-12 8.118940 -0.000000 87.628039 1.420e-10
82000 3759.940048 -3.831e-12 8.118940 -0.000000 87.628037 1.403e-10
82100 3759.940047 -5.819e-12 8.118940 -0.000000 87.628036 1.385e-10
82200 3759.940045 -6.463e-12 8.118940 -0.000000 87.628035 1.368e-10
82300 3759.940043 -6.065e-12 8.118940 -0.000000 87.628033 1.351e-10
82400 3759.940042 -5.475e-12 8.118940 -0.000000 87.628032 1.334e-10
82500 3759.940040 -4.575e-12 8.118940 -0.000000 87.628030 1.318e-10
82600 3759.940039 -6.403e-12 8.118940 -0.000000 87.628029 1.301e-10
82700 3759.940037 -2.609e-12 8.118939 -0.000000 87.628028 1.285e-10
82800 3759.940036 -4.110e-12 8.118939 -0.000000 87.628026 1.269e-10
82900 3759.940034 -5.986e-12 8.118939 -0.000000 87.628025 1.253e-10
83000 3759.940033 -5.370e-12 8.118939 -0.000000 87.628024 1.238e-10
83100 3759.940032 -4.743e-12 8.118939 -0.000000 87.628022 1.222e-10
83200 3759.940030 -3.353e-12 8.118939 -0.000000 87.628021 1.207e-10
83300 3759.940029 -5.686e-12 8.118939 -0.000000 87.628020 1.192e-10
83400 3759.940028 -4.265e-12 8.118939 -0.000000 87.628019 1.177e-10
83500 3759.940026 -6.671e-12 8.118939 -0.000000 87.628017 1.163e-10
83600 3759.940025 -4.501e-12 8.118939 -0.000000 87.628016 1.148e-10
83700 3759.940024 -5.129e-12 8.118939 -0.000000 87.628015 1.134e-10
83800 3759.940022 -6.285e-12 8.118939 -0.000000 87.628014 1.120e-10
83900 3759.940021 -6.978e-12 8.118939 -0.000000 87.628013 1.106e-10
84000 3759.940020 -7.442e-12 8.118939 -0.000000 87.628011 1.092e-10
84100 3759.940019 -6.067e-12 8.118939 -0.000000 87.628010 1.079e-10
84200 3759.940017 -6.390e-12 8.118939 -0.000000 87.628009 1.065e-10
84300 3759.940016 -4.546e-12 8.118939 -0.000000 87.628008 1.052e-10
84400 3759.940015 -6.434e-12 8.118938 -0.000000 87.628007 1.039e-10
84500 3759.940014 -6.557e-12 8.118938 -0.000000 87.628006 1.026e-10
84600 3759.940013 -5.506e-12 8.118938 -0.000000 87.628005 1.013e-10
84700 3759.940011 -4.635e-12 8.118938 -0.000000 87.628004 1.001e-10
84800 3759.940010 -3.957e-12 8.118938 -0.000000 87.628003 9.883e-11
84900 3759.940009 -5.205e-12 8.118938 -0.000000 87.628002 9.760e-11
85000 3759.940008 -4.570e-12 8.118938 -0.000000 87.628001 9.638e-11
85100 3759.940007 -3.288e-12 8.118938 -0.000000 87.628000 9.519e-11
85200 3759.940006 -4.684e-12 8.118938 -0.000000 87.627999 9.400e-11
85300 3759.940005 -3.992e-12 8.118938 -0.000000 87.627998 9.284e-11
85400 3759.940004 -4.843e-12 8.118938 -0.000000 87.627997 9.168e-11
85500 3759.940003 -4.948e-12 8.118938 -0.000000 87.627996 9.054e-11
85600 3759.940002 -5.587e-12 8.118938 -0.000000 87.627995 8.942e-11
85700 3759.940001 -5.882e-12 8.118938 -0.000000 87.627994 8.831e-11
85800 3759.940000 -7.019e-12 8.118938 -0.000000 87.627993 8.721e-11
85900 3759.939999 -5.527e-12 8.118938 -0.000000 87.627992 8.612e-11
86000 3759.939998 -5.945e-12 8.118938 -0.000000 87.627991 8.506e-11
86100 3759.939997 -6.018e-12 8.118938 -0.000000 87.627990 8.400e-11
86200 3759.939996 -4.837e-12 8.118938 -0.000000 87.627989 8.295e-11
86300 3759.939995 -5.573e-12 8.118938 -0.000000 87.627989 8.192e-11
86400 3759.939994 -4.689e-12 8.118938 -0.000000 87.627988 8.090e-11
86500 3759.939993 -4.965e-12 8.118937 -0.000000 87.627987 7.990e-11
86600 3759.939992 -4.572e-12 8.118937 -0.000000 87.627986 7.891e-11
86700 3759.939991 -3.919e-12 8.118937 -0.000000 87.627985 7.792e-11
86800 3759.939990 -5.210e-12 8.118937 -0.000000 87.627984 7.696e-11
86900 3759.939989 -4.736e-12 8.118937 -0.000000 87.627984 7.600e-11
87000 3759.939989 -3.270e-12 8.118937 -0.000000 87.627983 7.505e-11
87100 3759.939988 -4.582e-12 8.118937 -0.000000 87.627982 7.412e-11
87200 3759.939987 -3.669e-12 8.118937 -0.000000 87.627981 7.320e-11
87300 3759.939986 -6.186e-12 8.118937 -0.000000 87.627981 7.229e-11
87400 3759.939985 -6.078e-12 8.118937 -0.000000 87.627980 7.139e-11
87500 3759.939984 -6.563e-12 8.118937 -0.000000 87.627979 7.051e-11
87600 3759.939984 -4.065e-12 8.118937 -0.000000 87.627978 6.963e-11
87700 3759.939983 -4.531e-12 8.118937 -0.000000 87.627978 6.876e-11
87800 3759.939982 -5.295e-12 8.118937 -0.000000 87.627977 6.791e-11
87900 3759.939981 -5.088e-12 8.118937 -0.000000 87.627976 6.706e-11
88000 3759.939980 -5.037e-12 8.118937 -0.000000 87.627975 6.623e-11
88100 3759.939980 -5.452e-12 8.118937 -0.000000 87.627975 6.541e-11
88200 3759.939979 -5.632e-12 8.118937 -0.000000 87.627974 6.460e-11
88300 3759.939978 -6.263e-12 8.118937 -0.000000 87.627973 6.379e-11
88400 3759.939978 -4.208e-12 8.118937 -0.000000 87.627973 6.300e-11
88500 3759.939977 -5.736e-12 8.118937 -0.000000 87.627972 6.222e-11
88600 3759.939976 -4.042e-12 8.118937 -0.000000 87.627971 6.144e-11
88700 3759.939975 -5.448e-12 8.118937 -0.000000 87.627971 6.068e-11
88800 3759.939975 -6.446e-12 8.118937 -0.000000 87.627970 5.993e-11
88900 3759.939974 -3.487e-12 8.118937 -0.000000 87.627970 5.918e-11
89000 3759.939973 -3.665e-12 8.118937 -0.000000 87.627969 5.845e-11
89100 3759.939973 -3.691e-12 8.118937 -0.000000 87.627968 5.772e-11
89200 3759.939972 -5.570e-12 8.118937 -0.000000 87.627968 5.700e-11
89300 3759.939971 -6.132e-12 8.118937 -0.000000 87.627967 5.629e-11
89400 3759.939971 -3.952e-12 8.118937 -0.000000 87.627967 5.560e-11
89500 3759.939970 -3.779e-12 8.118936 -0.000000 87.627966 5.490e-11
89600 3759.939970 -4.934e-12 8.118936 -0.000000 87.627965 5.422e-11
89700 3759.939969 -4.258e-12 8.118936 -0.000000 87.627965 5.355e-11
89800 3759.939968 -6.452e-12 8.118936 -0.000000 87.627964 5.288e-11
89900 3759.939968 -3.706e-12 8.118936 -0.000000 87.627964 5.223e-11
90000 3759.939967 -4.148e-12 8.118936 -0.000000 87.627963 5.158e-11
90100 3759.939967 -4.003e-12 8.118936 -0.000000 87.627963 5.094e-11
90200 3759.939966 -4.427e-12 8.118936 -0.000000 87.627962 5.030e-11
90300 3759.939965 -5.052e-12 8.118936 -0.000000 87.627962 4.968e-11
90400 3759.939965 -6.822e-12 8.118936 -0.000000 87.627961 4.906e-11
90500 3759.939964 -4.460e-12 8.118936 -0.000000 87.627961 4.845e-11
90600 3759.939964 -6.028e-12 8.118936 -0.000000 87.627960 4.785e-11
90700 3759.939963 -5.055e-12 8.118936 -0.000000 87.627960 4.726e-11
90800 3759.939963 -6.835e-12 8.118936 -0.000000 87.627959 4.667e-11
90900 3759.939962 -3.986e-12 8.118936 -0.000000 87.627959 4.609e-11
91000 3759.939962 -5.854e-12 8.118936 -0.000000 87.627958 4.552e-11
91100 3759.939961 -6.521e-12 8.118936 -0.000000 87.627958 4.495e-11
91200 3759.939961 -5.783e-12 8.118936 -0.000000 87.627957 4.439e-11
91300 3759.939960 -6.255e-12 8.118936 -0.000000 87.627957 4.384e-11
91400 3759.939960 -4.731e-12 8.118936 -0.000000 87.627956 4.330e-11
91500 3759.939959 -5.127e-12 8.118936 -0.000000 87.627956 4.276e-11
91600 3759.939959 -5.646e-12 8.118936 -0.000000 87.627955 4.222e-11
91700 3759.939958 -5.756e-12 8.118936 -0.000000 87.627955 4.170e-11
91800 3759.939958 -3.238e-12 8.118936 -0.000000 87.627954 4.118e-11
91900 3759.939957 -4.850e-12 8.118936 -0.000000 87.627954 4.067e-11
92000 3759.939957 -5.903e-12 8.118936 -0.000000 87.627954 4.017e-11
92100 3759.939956 -5.240e-12 8.118936 -0.000000 87.627953 3.967e-11
92200 3759.939956 -5.263e-12 8.118936 -0.000000 87.627953 3.918e-11
92300 3759.939955 -3.750e-12 8.118936 -0.000000 87.627952 3.869e-11
92400 3759.939955 -5.518e-12 8.118936 -0.000000 87.627952 3.821e-11
92500 3759.939954 -6.544e-12 8.118936 -0.000000 87.627952 3.773e-11
92600 3759.939954 -4.827e-12 8.118936 -0.000000 87.627951 3.726e-11
92700 3759.939954 -4.865e-12 8.118936 -0.000000 87.627951 3.680e-11
92800 3759.939953 -3.890e-12 8.118936 -0.000000 87.627950 3.634e-11
92900 3759.939953 -4.594e-12 8.118936 -0.000000 87.627950 3.589e-11
93000 3759.939952 -4.600e-12 8.118936 -0.000000 87.627950 3.545e-11
93100 3759.939952 -5.978e-12 8.118936 -0.000000 87.627949 3.501e-11
93200 3759.939952 -5.852e-12 8.118936 -0.000000 87.627949 3.457e-11
93300 3759.939951 -4.188e-12 8.118936 -0.000000 87.627949 3.414e-11
93400 3759.939951 -5.528e-12 8.118936 -0.000000 87.627948 3.372e-11
93500 3759.939950 -5.489e-12 8.118936 -0.000000 87.627948 3.330e-11
93600 3759.939950 -5.316e-12 8.118936 -0.000000 87.627948 3.289e-11
93700 3759.939950 -5.159e-12 8.118936 -0.000000 87.627947 3.248e-11
93800 3759.939949 -6.707e-12 8.118936 -0.000000 87.627947 3.207e-11
93900 3759.939949 -4.377e-12 8.118936 -0.000000 87.627947 3.167e-11
94000 3759.939949 -5.284e-12 8.118936 -0.000000 87.627946 3.128e-11
94100 3759.939948 -3.317e-12 8.118936 -0.000000 87.627946 3.089e-11
94200 3759.939948 -5.886e-12 8.118935 -0.000000 87.627946 3.051e-11
94300 3759.939947 -5.052e-12 8.118935 -0.000000 87.627945 3.013e-11
94400 3759.939947 -5.473e-12 8.118935 -0.000000 87.627945 2.976e-11
94500 3759.939947 -6.103e-12 8.118935 -0.000000 87.627945 2.939e-11
94600 3759.939946 -4.024e-12 8.118935 -0.000000 87.627944 2.902e-11
94700 3759.939946 -5.249e-12 8.118935 -0.000000 87.627944 2.866e-11
94800 3759.939946 -3.977e-12 8.118935 -0.000000 87.627944 2.830e-11
94900 3759.939945 -5.051e-12 8.118935 -0.000000 87.627943 2.795e-11
95000 3759.939945 -6.209e-12 8.118935 -0.000000 87.627943 2.761e-11
95100 3759.939945 -5.414e-12 8.118935 -0.000000 87.627943 2.726e-11
95200 3759.939945 -4.863e-12 8.118935 -0.000000 87.627943 2.692e-11
95300 3759.939944 -5.713e-12 8.118935 -0.000000 87.627942 2.659e-11
95400 3759.939944 -5.669e-12 8.118935 -0.000000 87.627942 2.626e-11
95500 3759.939944 -5.357e-12 8.118935 -0.000000 87.627942 2.593e-11
95600 3759.939943 -4.668e-12 8.118935 -0.000000 87.627941 2.561e-11
95700 3759.939943 -5.562e-12 8.118935 -0.000000 87.627941 2.529e-11
95800 3759.939943 -4.578e-12 8.118935 -0.000000 87.627941 2.498e-11
95900 3759.939942 -4.350e-12 8.118935 -0.000000 87.627941 2.467e-11
96000 3759.939942 -5.128e-12 8.118935 -0.000000 87.627940 2.436e-11
96100 3759.939942 -5.005e-12 8.118935 -0.000000 87.627940 2.406e-11
96200 3759.939942 -4.280e-12 8.118935 -0.000000 87.627940 2.376e-11
96300 3759.939941 -4.980e-12 8.118935 -0.000000 87.627940 2.347e-11
96400 3759.939941 -2.213e-12 8.118935 -0.000000 87.627939 2.317e-11
96500 3759.939941 -5.276e-12 8.118935 -0.000000 87.627939 2.289e-11
96600 3759.939941 -5.832e-12 8.118935 -0.000000 87.627939 2.260e-11
96700 3759.939940 -6.181e-12 8.118935 -0.000000 87.627939 2.232e-11
96800 3759.939940 -9.054e-12 8.118935 -0.000000 87.627938 2.204e-11
96900 3759.939940 -3.767e-12 8.118935 -0.000000 87.627938 2.177e-11
97000 3759.939940 -5.358e-12 8.118935 -0.000000 87.627938 2.150e-11
97100 3759.939939 -3.870e-12 8.118935 -0.000000 87.627938 2.123e-11
97200 3759.939939 -5.086e-12 8.118935 -0.000000 87.627938 2.097e-11
97300 3759.939939 -6.449e-12 8.118935 -0.000000 87.627937 2.071e-11
97400 3759.939939 -7.293e-12 8.118935 -0.000000 87.627937 2.045e-11
97500 3759.939938 -4.690e-12 8.118935 -0.000000 87.627937 2.020e-11
97600 3759.939938 -6.047e-12 8.118935 -0.000000 87.627937 1.995e-11
97700 3759.939938 -8.139e-12 8.118935 -0.000000 87.627937 1.970e-11
97800 3759.939938 -4.946e-12 8.118935 -0.000000 87.627936 1.945e-11
97900 3759.939938 -5.529e-12 8.118935 -0.000000 87.627936 1.921e-11
98000 3759.939937 -5.083e-12 8.118935 -0.000000 87.627936 1.897e-11
98100 3759.939937 -5.491e-12 8.118935 -0.000000 87.627936 1.874e-11
98200 3759.939937 -4.074e-12 8.118935 -0.000000 87.627936 1.850e-11
98300 3759.939937 -3.614e-12 8.118935 -0.000000 87.627935 1.828e-11
98400 3759.939936 -5.641e-12 8.118935 -0.000000 87.627935 1.805e-11
98500 3759.939936 -4.688e-12 8.118935 -0.000000 87.627935 1.782e-11
98600 3759.939936 -5.971e-12 8.118935 -0.000000 87.627935 1.760e-11
98700 3759.939936 -4.773e-12 8.118935 -0.000000 87.627935 1.739e-11
98800 3759.939936 -5.438e-12 8.118935 -0.000000 87.627934 1.717e-11
98900 3759.939935 -5.243e-12 8.118935 -0.000000 87.627934 1.696e-11
99000 3759.939935 -5.948e-12 8.118935 -0.000000 87.627934 1.675e-11
99100 3759.939935 -6.110e-12 8.118935 -0.000000 87.627934 1.653e-11
99200 3759.939935 -5.842e-12 8.118935 -0.000000 87.627934 1.633e-11
99300 3759.939935 -5.042e-12 8.118935 -0.000000 87.627934 1.613e-11
99400 3759.939934 -4.817e-12 8.118935 -0.000000 87.627933 1.593e-11
99500 3759.939934 -5.238e-12 8.118935 -0.000000 87.627933 1.573e-11
99600 3759.939934 -4.712e-12 8.118935 -0.000000 87.627933 1.553e-11
99700 3759.939934 -6.755e-12 8.118935 -0.000000 87.627933 1.534e-11
99800 3759.939934 -6.388e-12 8.118935 -0.000000 87.627933 1.515e-11
99900 3759.939934 -5.698e-12 8.118935 -0.000000 87.627933 1.496e-11
100000 3759.939933 -3.634e-12 8.118935 -0.000000 87.627932 1.478e-11
100100 3759.939933 -6.206e-12 8.118935 -0.000000 87.627932 1.460e-11
100200 3759.939933 -4.005e-12 8.118935 -0.000000 87.627932 1.441e-11
100300 3759.939933 -4.971e-12 8.118935 -0.000000 87.627932 1.423e-11
100400 3759.939933 -3.569e-12 8.118935 -0.000000 87.627932 1.406e-11
100500 3759.939933 -5.127e-12 8.118935 -0.000000 87.627932 1.388e-11
100600 3759.939932 -8.102e-12 8.118935 -0.000000 87.627932 1.371e-11
100700 3759.939932 -6.661e-12 8.118935 -0.000000 87.627931 1.354e-11
100800 3759.939932 -5.953e-12 8.118935 -0.000000 87.627931 1.337e-11
100900 3759.939932 -6.366e-12 8.118935 -0.000000 87.627931 1.321e-11
101000 3759.939932 -5.127e-12 8.118935 -0.000000 87.627931 1.304e-11
101100 3759.939932 -4.226e-12 8.118935 -0.000000 87.627931 1.288e-11
101200 3759.939932 -4.400e-12 8.118935 -0.000000 87.627931 1.272e-11
101300 3759.939931 -6.389e-12 8.118935 -0.000000 87.627931 1.256e-11
101400 3759.939931 -4.722e-12 8.118935 -0.000000 87.627930 1.241e-11
101500 3759.939931 -4.427e-12 8.118935 -0.000000 87.627930 1.225e-11
101600 3759.939931 -5.350e-12 8.118935 -0.000000 87.627930 1.210e-11
101700 3759.939931 -4.971e-12 8.118935 -0.000000 87.627930 1.195e-11
101800 3759.939931 -5.806e-12 8.118935 -0.000000 87.627930 1.180e-11
101900 3759.939931 -4.343e-12 8.118935 -0.000000 87.627930 1.165e-11
102000 3759.939930 -4.234e-12 8.118935 -0.000000 87.627930 1.151e-11
102100 3759.939930 -4.512e-12 8.118935 -0.000000 87.627930 1.137e-11
102200 3759.939930 -5.687e-12 8.118935 -0.000000 87.627929 1.122e-11
102300 3759.939930 -4.897e-12 8.118935 -0.000000 87.627929 1.108e-11
102400 3759.939930 -5.296e-12 8.118935 -0.000000 87.627929 1.095e-11
102500 3759.939930 -6.829e-12 8.118935 -0.000000 87.627929 1.081e-11
102600 3759.939930 -6.360e-12 8.118935 -0.000000 87.627929 1.068e-11
102700 3759.939930 -6.094e-12 8.118935 -0.000000 87.627929 1.054e-11
102800 3759.939929 -6.815e-12 8.118935 -0.000000 87.627929 1.041e-11
102900 3759.939929 -4.999e-12 8.118935 -0.000000 87.627929 1.028e-11
103000 3759.939929 -5.195e-12 8.118935 -0.000000 87.627929 1.016e-11
103100 3759.939929 -3.874e-12 8.118935 -0.000000 87.627928 1.003e-11
103200 3759.939929 -4.871e-12 8.118935 -0.000000 87.627928 9.904e-12
