0 4459.317073 -1.270e+00 8.338992 -0.000000 91.239689 3.263e-01
100 4459.325314 -1.269e+00 8.339015 -0.000000 91.240408 6.042e-07
200 4459.329110 -1.270e+00 8.339024 -0.000000 91.240248 2.794e-07
300 4459.331606 -1.270e+00 8.339026 -0.000000 91.240200 1.864e-07
400 4459.333358 -1.271e+00 8.339025 -0.000000 91.240199 1.333e-07
500 4459.334651 -1.271e+00 8.339024 -0.000000 91.240216 1.007e-07
600 4459.335642 -1.272e+00 8.339022 -0.000000 91.240235 7.935e-08
700 4459.336424 -1.272e+00 8.339020 -0.000000 91.240249 6.473e-08
800 4459.337062 -1.272e+00 8.339019 -0.000000 91.240256 5.446e-08
900 4459.337597 -1.273e+00 8.339018 -0.000000 91.240258 4.712e-08
1000 4459.338062 -1.273e+00 8.339018 -0.000000 91.240257 4.181e-08
1100 4459.338480 -1.273e+00 8.339019 -0.000000 91.240255 3.793e-08
1200 4459.338869 -1.274e+00 8.339019 -0.000000 91.240255 3.511e-08
1300 4459.339240 -1.274e+00 8.339021 -0.000000 91.240260 3.310e-08
1400 4459.339603 -1.274e+00 8.339022 -0.000000 91.240269 3.171e-08
1500 4459.339965 -1.274e+00 8.339024 -0.000000 91.240285 3.081e-08
1600 4459.340330 -1.275e+00 8.339026 -0.000000 91.240309 3.032e-08
1700 4459.340702 -1.275e+00 8.339028 -0.000000 91.240339 3.013e-08
1800 4459.341082 -1.275e+00 8.339030 -0.000000 91.240376 3.017e-08
1900 4459.341471 -1.275e+00 8.339032 -0.000000 91.240421 3.037e-08
2000 4459.341870 -1.275e+00 8.339035 -0.000000 91.240471 3.065e-08
2100 4459.342276 -1.275e+00 8.339037 -0.000000 91.240526 3.098e-08
2200 4459.342691 -1.275e+00 8.339040 -0.000000 91.240586 3.131e-08
2300 4459.343111 -1.275e+00 8.339043 -0.000000 91.240650 3.161e-08
2400 4459.343537 -1.276e+00 8.339045 -0.000000 91.240717 3.185e-08
2500 4459.343967 -1.276e+00 8.339048 -0.000000 91.240786 3.201e-08
2600 4459.344399 -1.276e+00 8.339051 -0.000000 91.240856 3.209e-08
2700 4459.344832 -1.276e+00 8.339053 -0.000000 91.240928 3.208e-08
2800 4459.345263 -1.276e+00 8.339056 -0.000000 91.240999 3.198e-08
2900 4459.345693 -1.276e+00 8.339058 -0.000000 91.241070 3.179e-08
3000 4459.346119 -1.276e+00 8.339061 -0.000000 91.241141 3.151e-08
3100 4459.346540 -1.276e+00 8.339063 -0.000000 91.241210 3.115e-08
3200 4459.346956 -1.276e+00 8.339066 -0.000000 91.241278 3.072e-08
3300 4459.347365 -1.276e+00 8.339068 -0.000000 91.241345 3.023e-08
3400 4459.347766 -1.276e+00 8.339070 -0.000000 91.241410 2.968e-08
3500 4459.348159 -1.276e+00 8.339073 -0.000000 91.241473 2.909e-08
3600 4459.348544 -1.276e+00 8.339075 -0.000000 91.241533 2.845e-08
3700 4459.348919 -1.276e+00 8.339077 -0.000000 91.241592 2.779e-08
3800 4459.349284 -1.276e+00 8.339079 -0.000000 91.241649 2.710e-08
3900 4459.349640 -1.277e+00 8.339081 -0.000000 91.241704 2.640e-08
4000 4459.349986 -1.277e+00 8.339083 -0.000000 91.241758 2.568e-08
4100 4459.350321 -1.277e+00 8.339085 -0.000000 91.241809 2.496e-08
4200 4459.350647 -1.277e+00 8.339087 -0.000000 91.241859 2.425e-08
4300 4459.350962 -1.277e+00 8.339089 -0.000000 91.241907 2.354e-08
4400 4459.351268 -1.277e+00 8.339090 -0.000000 91.241953 2.283e-08
4500 4459.351564 -1.277e+00 8.339092 -0.000000 91.241998 2.214e-08
4600 4459.351850 -1.277e+00 8.339094 -0.000000 91.242041 2.147e-08
4700 4459.352127 -1.277e+00 8.339095 -0.000000 91.242083 2.081e-08
4800 4459.352396 -1.277e+00 8.339097 -0.000000 91.242124 2.017e-08
4900 4459.352655 -1.277e+00 8.339098 -0.000000 91.242164 1.955e-08
5000 4459.352907 -1.277e+00 8.339100 -0.000000 91.242202 1.895e-08
5100 4459.353150 -1.277e+00 8.339101 -0.000000 91.242239 1.837e-08
5200 4459.353386 -1.277e+00 8.339102 -0.000000 91.242276 1.781e-08
5300 4459.353614 -1.277e+00 8.339104 -0.000000 91.242311 1.728e-08
5400 4459.353835 -1.277e+00 8.339105 -0.000000 91.242346 1.676e-08
5500 4459.354050 -1.278e+00 8.339106 -0.000000 91.242379 1.626e-08
5600 4459.354258 -1.278e+00 8.339107 -0.000000 91.242412 1.579e-08
5700 4459.354460 -1.278e+00 8.339108 -0.000000 91.242444 1.533e-08
5800 4459.354656 -1.278e+00 8.339109 -0.000000 91.242475 1.489e-08
5900 4459.354847 -1.278e+00 8.339110 -0.000000 91.242505 1.447e-08
6000 4459.355032 -1.278e+00 8.339111 -0.000000 91.242534 1.407e-08
6100 4459.355213 -1.278e+00 8.339112 -0.000000 91.242563 1.368e-08
6200 4459.355388 -1.278e+00 8.339113 -0.000000 91.242591 1.331e-08
6300 4459.355560 -1.278e+00 8.339114 -0.000000 91.242619 1.296e-08
6400 4459.355727 -1.278e+00 8.339115 -0.000000 91.242645 1.262e-08
6500 4459.355889 -1.278e+00 8.339116 -0.000000 91.242671 1.230e-08
6600 4459.356048 -1.278e+00 8.339117 -0.000000 91.242696 1.199e-08
6700 4459.356204 -1.278e+00 8.339117 -0.000000 91.242721 1.169e-08
6800 4459.356355 -1.278e+00 8.339118 -0.000000 91.242745 1.141e-08
6900 4459.356504 -1.278e+00 8.339119 -0.000000 91.242769 1.113e-08
7000 4459.356649 -1.278e+00 8.339120 -0.000000 91.242791 1.087e-08
7100 4459.356791 -1.278e+00 8.339120 -0.000000 91.242814 1.062e-08
7200 4459.356931 -1.278e+00 8.339121 -0.000000 91.242835 1.038e-08
7300 4459.357067 -1.278e+00 8.339122 -0.000000 91.242856 1.015e-08
7400 4459.357201 -1.278e+00 8.339122 -0.000000 91.242877 9.935e-09
7500 4459.357332 -1.278e+00 8.339123 -0.000000 91.242897 9.725e-09
7600 4459.357461 -1.278e+00 8.339123 -0.000000 91.242916 9.523e-09
7700 4459.357588 -1.278e+00 8.339124 -0.000000 91.242935 9.330e-09
7800 4459.357712 -1.278e+00 8.339124 -0.000000 91.242953 9.145e-09
7900 4459.357834 -1.278e+00 8.339125 -0.000000 91.242971 8.967e-09
8000 4459.357953 -1.278e+00 8.339125 -0.000000 91.242989 8.797e-09
8100 4459.358071 -1.278e+00 8.339126 -0.000000 91.243006 8.633e-09
8200 4459.358187 -1.278e+00 8.339126 -0.000000 91.243022 8.475e-09
8300 4459.358300 -1.278e+00 8.339127 -0.000000 91.243038 8.324e-09
8400 4459.358412 -1.278e+00 8.339127 -0.000000 91.243054 8.177e-09
8500 4459.358522 -1.278e+00 8.339128 -0.000000 91.243069 8.036e-09
8600 4459.358630 -1.278e+00 8.339128 -0.000000 91.243084 7.900e-09
8700 4459.358736 -1.278e+00 8.339128 -0.000000 91.243098 7.768e-09
8800 4459.358840 -1.278e+00 8.339129 -0.000000 91.243112 7.640e-09
8900 4459.358943 -1.278e+00 8.339129 -0.000000 91.243125 7.515e-09
9000 4459.359044 -1.278e+00 8.339129 -0.000000 91.243138 7.394e-09
9100 4459.359143 -1.278e+00 8.339130 -0.000000 91.243151 7.275e-09
9200 4459.359240 -1.278e+00 8.339130 -0.000000 91.243164 7.160e-09
9300 4459.359336 -1.278e+00 8.339130 -0.000000 91.243176 7.046e-09
9400 4459.359430 -1.278e+00 8.339131 -0.000000 91.243187 6.935e-09
9500 4459.359522 -1.278e+00 8.339131 -0.000000 91.243199 6.826e-09
9600 4459.359613 -1.278e+00 8.339131 -0.000000 91.243210 6.718e-09
9700 4459.359702 -1.278e+00 8.339131 -0.000000 91.243220 6.612e-09
9800 4459.359789 -1.278e+00 8.339132 -0.000000 91.243230 6.507e-09
9900 4459.359875 -1.278e+00 8.339132 -0.000000 91.243240 6.402e-09
10000 4459.359959 -1.278e+00 8.339132 -0.000000 91.243250 6.299e-09
10100 4459.360041 -1.278e+00 8.339132 -0.000000 91.243260 6.196e-09
10200 4459.360122 -1.278e+00 8.339133 -0.000000 91.243269 6.094e-09
10300 4459.360202 -1.278e+00 8.339133 -0.000000 91.243277 5.993e-09
10400 4459.360279 -1.278e+00 8.339133 -0.000000 91.243286 5.892e-09
10500 4459.360355 -1.278e+00 8.339133 -0.000000 91.243294 5.791e-09
10600 4459.360430 -1.278e+00 8.339133 -0.000000 91.243302 5.690e-09
10700 4459.360502 -1.278e+00 8.339133 -0.000000 91.243310 5.590e-09
10800 4459.360574 -1.278e+00 8.339134 -0.000000 91.243317 5.490e-09
10900 4459.360643 -1.278e+00 8.339134 -0.000000 91.243324 5.390e-09
11000 4459.360711 -1.278e+00 8.339134 -0.000000 91.243331 5.290e-09
11100 4459.360778 -1.278e+00 8.339134 -0.000000 91.243338 5.190e-09
11200 4459.360843 -1.278e+00 8.339134 -0.000000 91.243344 5.090e-09
11300 4459.360906 -1.278e+00 8.339134 -0.000000 91.243350 4.991e-09
11400 4459.360968 -1.278e+00 8.339135 -0.000000 91.243356 4.892e-09
11500 4459.361029 -1.278e+00 8.339135 -0.000000 91.243362 4.793e-09
11600 4459.361088 -1.278e+00 8.339135 -0.000000 91.243368 4.695e-09
11700 4459.361145 -1.278e+00 8.339135 -0.000000 91.243373 4.596e-09
11800 4459.361201 -1.278e+00 8.339135 -0.000000 91.243378 4.499e-09
11900 4459.361256 -1.278e+00 8.339135 -0.000000 91.243383 4.401e-09
12000 4459.361309 -1.278e+00 8.339135 -0.000000 91.243388 4.304e-09
12100 4459.361361 -1.278e+00 8.339135 -0.000000 91.243392 4.208e-09
12200 4459.361411 -1.278e+00 8.339135 -0.000000 91.243396 4.113e-09
12300 4459.361460 -1.278e+00 8.339135 -0.000000 91.243401 4.018e-09
12400 4459.361508 -1.278e+00 8.339136 -0.000000 91.243405 3.924e-09
12500 4459.361554 -1.278e+00 8.339136 -0.000000 91.243408 3.831e-09
12600 4459.361599 -1.278e+00 8.339136 -0.000000 91.243412 3.738e-09
12700 4459.361642 -1.278e+00 8.339136 -0.000000 91.243415 3.647e-09
12800 4459.361685 -1.278e+00 8.339136 -0.000000 91.243419 3.557e-09
12900 4459.361726 -1.278e+00 8.339136 -0.000000 91.243422 3.467e-09
13000 4459.361766 -1.278e+00 8.339136 -0.000000 91.243425 3.379e-09
13100 4459.361805 -1.278e+00 8.339136 -0.000000 91.243428 3.292e-09
13200 4459.361842 -1.277e+00 8.339136 -0.000000 91.243431 3.207e-09
13300 4459.361879 -1.277e+00 8.339136 -0.000000 91.243433 3.122e-09
13400 4459.361914 -1.277e+00 8.339136 -0.000000 91.243436 3.039e-09
13500 4459.361948 -1.277e+00 8.339136 -0.000000 91.243438 2.958e-09
13600 4459.361982 -1.277e+00 8.339136 -0.000000 91.243441 2.878e-09
13700 4459.362014 -1.277e+00 8.339136 -0.000000 91.243443 2.799e-09
13800 4459.362045 -1.277e+00 8.339136 -0.000000 91.243445 2.722e-09
13900 4459.362075 -1.277e+00 8.339136 -0.000000 91.243447 2.646e-09
14000 4459.362105 -1.277e+00 8.339136 -0.000000 91.243449 2.572e-09
14100 4459.362133 -1.277e+00 8.339136 -0.000000 91.243451 2.500e-09
14200 4459.362160 -1.277e+00 8.339136 -0.000000 91.243452 2.429e-09
14300 4459.362187 -1.277e+00 8.339137 -0.000000 91.243454 2.360e-09
14400 4459.362213 -1.277e+00 8.339137 -0.000000 91.243455 2.292e-09
14500 4459.362238 -1.277e+00 8.339137 -0.000000 91.243457 2.226e-09
14600 4459.362262 -1.277e+00 8.339137 -0.000000 91.243458 2.162e-09
14700 4459.362286 -1.277e+00 8.339137 -0.000000 91.243460 2.100e-09
14800 4459.362308 -1.277e+00 8.339137 -0.000000 91.243461 2.039e-09
14900 4459.362331 -1.277e+00 8.339137 -0.000000 91.243462 1.980e-09
15000 4459.362352 -1.277e+00 8.339137 -0.000000 91.243463 1.922e-09
15100 4459.362373 -1.277e+00 8.339137 -0.000000 91.243464 1.867e-09
15200 4459.362393 -1.277e+00 8.339137 -0.000000 91.243466 1.813e-09
15300 4459.362412 -1.277e+00 8.339137 -0.000000 91.243467 1.760e-09
15400 4459.362431 -1.277e+00 8.339137 -0.000000 91.243468 1.710e-09
15500 4459.362450 -1.277e+00 8.339137 -0.000000 91.243468 1.661e-09
15600 4459.362468 -1.277e+00 8.339137 -0.000000 91.243469 1.614e-09
15700 4459.362485 -1.277e+00 8.339137 -0.000000 91.243470 1.568e-09
15800 4459.362502 -1.277e+00 8.339137 -0.000000 91.243471 1.524e-09
15900 4459.362519 -1.277e+00 8.339137 -0.000000 91.243472 1.481e-09
16000 4459.362535 -1.277e+00 8.339137 -0.000000 91.243473 1.441e-09
16100 4459.362551 -1.277e+00 8.339137 -0.000000 91.243473 1.401e-09
16200 4459.362566 -1.277e+00 8.339137 -0.000000 91.243474 1.364e-09
16300 4459.362581 -1.277e+00 8.339137 -0.000000 91.243475 1.327e-09
16400 4459.362595 -1.277e+00 8.339137 -0.000000 91.243476 1.293e-09
16500 4459.362610 -1.277e+00 8.339137 -0.000000 91.243476 1.259e-09
16600 4459.362624 -1.277e+00 8.339137 -0.000000 91.243477 1.228e-09
16700 4459.362637 -1.277e+00 8.339137 -0.000000 91.243478 1.197e-09
16800 4459.362651 -1.277e+00 8.339137 -0.000000 91.243478 1.168e-09
16900 4459.362664 -1.277e+00 8.339137 -0.000000 91.243479 1.141e-09
17000 4459.362677 -1.277e+00 8.339137 -0.000000 91.243480 1.115e-09
17100 4459.362689 -1.277e+00 8.339137 -0.000000 91.243480 1.090e-09
17200 4459.362702 -1.277e+00 8.339137 -0.000000 91.243481 1.066e-09
17300 4459.362714 -1.277e+00 8.339137 -0.000000 91.243482 1.044e-09
17400 4459.362726 -1.277e+00 8.339137 -0.000000 91.243482 1.022e-09
17500 4459.362738 -1.277e+00 8.339137 -0.000000 91.243483 1.002e-09
17600 4459.362749 -1.277e+00 8.339137 -0.000000 91.243484 9.834e-10
17700 4459.362761 -1.277e+00 8.339137 -0.000000 91.243484 9.657e-10
17800 4459.362772 -1.277e+00 8.339137 -0.000000 91.243485 9.490e-10
17900 4459.362784 -1.277e+00 8.339137 -0.000000 91.243486 9.333e-10
18000 4459.362795 -1.277e+00 8.339137 -0.000000 91.243486 9.186e-10
18100 4459.362806 -1.277e+00 8.339137 -0.000000 91.243487 9.049e-10
18200 4459.362817 -1.277e+00 8.339137 -0.000000 91.243488 8.921e-10
18300 4459.362828 -1.277e+00 8.339137 -0.000000 91.243489 8.802e-10
18400 4459.362838 -1.277e+00 8.339137 -0.000000 91.243489 8.691e-10
18500 4459.362849 -1.277e+00 8.339137 -0.000000 91.243490 8.588e-10
18600 4459.362860 -1.277e+00 8.339137 -0.000000 91.243491 8.493e-10
18700 4459.362870 -1.277e+00 8.339137 -0.000000 91.243492 8.405e-10
18800 4459.362881 -1.277e+00 8.339137 -0.000000 91.243493 8.324e-10
18900 4459.362891 -1.277e+00 8.339137 -0.000000 91.243494 8.249e-10
19000 4459.362902 -1.277e+00 8.339137 -0.000000 91.243494 8.181e-10
19100 4459.362912 -1.277e+00 8.339137 -0.000000 91.243495 8.118e-10
19200 4459.362922 -1.277e+00 8.339137 -0.000000 91.243496 8.060e-10
19300 4459.362933 -1.277e+00 8.339137 -0.000000 91.243497 8.008e-10
19400 4459.362943 -1.277e+00 8.339137 -0.000000 91.243498 7.960e-10
19500 4459.362953 -1.277e+00 8.339137 -0.000000 91.243499 7.917e-10
19600 4459.362963 -1.277e+00 8.339137 -0.000000 91.243500 7.877e-10
19700 4459.362973 -1.277e+00 8.339137 -0.000000 91.243501 7.841e-10
19800 4459.362983 -1.277e+00 8.339137 -0.000000 91.243502 7.809e-10
19900 4459.362994 -1.277e+00 8.339137 -0.000000 91.243503 7.779e-10
20000 4459.363004 -1.277e+00 8.339137 -0.000000 91.243504 7.752e-10
20100 4459.363014 -1.277e+00 8.339137 -0.000000 91.243505 7.728e-10
20200 4459.363024 -1.277e+00 8.339137 -0.000000 91.243506 7.707e-10
20300 4459.363034 -1.277e+00 8.339137 -0.000000 91.243508 7.687e-10
20400 4459.363044 -1.277e+00 8.339137 -0.000000 91.243509 7.669e-10
20500 4459.363054 -1.277e+00 8.339137 -0.000000 91.243510 7.653e-10
20600 4459.363064 -1.277e+00 8.339137 -0.000000 91.243511 7.638e-10
20700 4459.363074 -1.277e+00 8.339137 -0.000000 91.243512 7.624e-10
20800 4459.363084 -1.277e+00 8.339137 -0.000000 91.243514 7.612e-10
20900 4459.363094 -1.277e+00 8.339137 -0.000000 91.243515 7.600e-10
21000 4459.363104 -1.277e+00 8.339137 -0.000000 91.243516 7.589e-10
21100 4459.363114 -1.277e+00 8.339137 -0.000000 91.243517 7.579e-10
21200 4459.363124 -1.277e+00 8.339137 -0.000000 91.243519 7.569e-10
21300 4459.363134 -1.277e+00 8.339137 -0.000000 91.243520 7.560e-10
21400 4459.363144 -1.277e+00 8.339137 -0.000000 91.243521 7.550e-10
21500 4459.363154 -1.277e+00 8.339137 -0.000000 91.243523 7.541e-10
21600 4459.363164 -1.277e+00 8.339137 -0.000000 91.243524 7.532e-10
21700 4459.363174 -1.277e+00 8.339137 -0.000000 91.243525 7.523e-10
21800 4459.363184 -1.277e+00 8.339137 -0.000000 91.243527 7.513e-10
21900 4459.363194 -1.277e+00 8.339137 -0.000000 91.243528 7.504e-10
22000 4459.363204 -1.277e+00 8.339137 -0.000000 91.243530 7.494e-10
22100 4459.363214 -1.277e+00 8.339137 -0.000000 91.243531 7.483e-10
22200 4459.363223 -1.277e+00 8.339137 -0.000000 91.243533 7.473e-10
22300 4459.363233 -1.277e+00 8.339137 -0.000000 91.243534 7.461e-10
22400 4459.363243 -1.277e+00 8.339137 -0.000000 91.243535 7.450e-10
22500 4459.363253 -1.277e+00 8.339138 -0.000000 91.243537 7.437e-10
22600 4459.363263 -1.277e+00 8.339138 -0.000000 91.243538 7.425e-10
22700 4459.363272 -1.277e+00 8.339138 -0.000000 91.243540 7.411e-10
22800 4459.363282 -1.277e+00 8.339138 -0.000000 91.243541 7.397e-10
22900 4459.363292 -1.277e+00 8.339138 -0.000000 91.243543 7.382e-10
23000 4459.363302 -1.277e+00 8.339138 -0.000000 91.243544 7.366e-10
23100 4459.363311 -1.277e+00 8.339138 -0.000000 91.243546 7.350e-10
23200 4459.363321 -1.277e+00 8.339138 -0.000000 91.243547 7.333e-10
23300 4459.363331 -1.277e+00 8.339138 -0.000000 91.243549 7.315e-10
23400 4459.363340 -1.277e+00 8.339138 -0.000000 91.243551 7.297e-10
23500 4459.363350 -1.277e+00 8.339138 -0.000000 91.243552 7.277e-10
23600 4459.363359 -1.277e+00 8.339138 -0.000000 91.243554 7.257e-10
23700 4459.363369 -1.277e+00 8.339138 -0.000000 91.243555 7.236e-10
23800 4459.363378 -1.277e+00 8.339138 -0.000000 91.243557 7.215e-10
23900 4459.363387 -1.277e+00 8.339138 -0.000000 91.243558 7.192e-10
24000 4459.363397 -1.277e+00 8.339138 -0.000000 91.243560 7.169e-10
24100 4459.363406 -1.277e+00 8.339138 -0.000000 91.243561 7.145e-10
24200 4459.363415 -1.277e+00 8.339138 -0.000000 91.243563 7.120e-10
24300 4459.363424 -1.277e+00 8.339138 -0.000000 91.243565 7.095e-10
24400 4459.363434 -1.277e+00 8.339138 -0.000000 91.243566 7.068e-10
24500 4459.363443 -1.277e+00 8.339138 -0.000000 91.243568 7.041e-10
24600 4459.363452 -1.277e+00 8.339138 -0.000000 91.243569 7.014e-10
24700 4459.363461 -1.277e+00 8.339138 -0.000000 91.243571 6.985e-10
24800 4459.363470 -1.277e+00 8.339138 -0.000000 91.243572 6.956e-10
24900 4459.363479 -1.277e+00 8.339138 -0.000000 91.243574 6.926e-10
25000 4459.363488 -1.277e+00 8.339138 -0.000000 91.243576 6.895e-10
25100 4459.363496 -1.277e+00 8.339138 -0.000000 91.243577 6.863e-10
25200 4459.363505 -1.277e+00 8.339138 -0.000000 91.243579 6.831e-10
25300 4459.363514 -1.277e+00 8.339138 -0.000000 91.243580 6.798e-10
25400 4459.363522 -1.277e+00 8.339138 -0.000000 91.243582 6.765e-10
25500 4459.363531 -1.277e+00 8.339138 -0.000000 91.243583 6.730e-10
25600 4459.363539 -1.277e+00 8.339139 -0.000000 91.243585 6.696e-10
25700 4459.363548 -1.277e+00 8.339139 -0.000000 91.243586 6.660e-10
25800 4459.363556 -1.277e+00 8.339139 -0.000000 91.243588 6.624e-10
25900 4459.363565 -1.277e+00 8.339139 -0.000000 91.243589 6.587e-10
26000 4459.363573 -1.277e+00 8.339139 -0.000000 91.243591 6.550e-10
26100 4459.363581 -1.277e+00 8.339139 -0.000000 91.243592 6.512e-10
26200 4459.363589 -1.277e+00 8.339139 -0.000000 91.243594 6.473e-10
26300 4459.363597 -1.277e+00 8.339139 -0.000000 91.243595 6.434e-10
26400 4459.363605 -1.277e+00 8.339139 -0.000000 91.243597 6.394e-10
26500 4459.363613 -1.277e+00 8.339139 -0.000000 91.243598 6.354e-10
26600 4459.363621 -1.277e+00 8.339139 -0.000000 91.243599 6.314e-10
26700 4459.363629 -1.277e+00 8.339139 -0.000000 91.243601 6.272e-10
26800 4459.363636 -1.277e+00 8.339139 -0.000000 91.243602 6.230e-10
26900 4459.363644 -1.277e+00 8.339139 -0.000000 91.243604 6.188e-10
27000 4459.363652 -1.277e+00 8.339139 -0.000000 91.243605 6.145e-10
27100 4459.363659 -1.277e+00 8.339139 -0.000000 91.243606 6.102e-10
27200 4459.363667 -1.277e+00 8.339139 -0.000000 91.243608 6.059e-10
27300 4459.363674 -1.277e+00 8.339139 -0.000000 91.243609 6.014e-10
27400 4459.363681 -1.277e+00 8.339139 -0.000000 91.243610 5.970e-10
27500 4459.363688 -1.277e+00 8.339139 -0.000000 91.243612 5.925e-10
27600 4459.363696 -1.277e+00 8.339139 -0.000000 91.243613 5.880e-10
27700 4459.363703 -1.277e+00 8.339139 -0.000000 91.243614 5.834e-10
27800 4459.363710 -1.277e+00 8.339139 -0.000000 91.243616 5.788e-10
27900 4459.363717 -1.277e+00 8.339139 -0.000000 91.243617 5.741e-10
28000 4459.363723 -1.277e+00 8.339139 -0.000000 91.243618 5.695e-10
28100 4459.363730 -1.277e+00 8.339139 -0.000000 91.243619 5.647e-10
28200 4459.363737 -1.277e+00 8.339139 -0.000000 91.243620 5.600e-10
28300 4459.363743 -1.277e+00 8.339139 -0.000000 91.243622 5.552e-10
28400 4459.363750 -1.277e+00 8.339139 -0.000000 91.243623 5.504e-10
28500 4459.363756 -1.277e+00 8.339139 -0.000000 91.243624 5.456e-10
28600 4459.363763 -1.276e+00 8.339139 -0.000000 91.243625 5.407e-10
28700 4459.363769 -1.276e+00 8.339139 -0.000000 91.243626 5.358e-10
28800 4459.363775 -1.276e+00 8.339139 -0.000000 91.243627 5.309e-10
28900 4459.363781 -1.276e+00 8.339139 -0.000000 91.243629 5.260e-10
29000 4459.363788 -1.276e+00 8.339139 -0.000000 91.243630 5.211e-10
29100 4459.363794 -1.276e+00 8.339139 -0.000000 91.243631 5.161e-10
29200 4459.363800 -1.276e+00 8.339140 -0.000000 91.243632 5.111e-10
29300 4459.363805 -1.276e+00 8.339140 -0.000000 91.243633 5.061e-10
29400 4459.363811 -1.276e+00 8.339140 -0.000000 91.243634 5.011e-10
29500 4459.363817 -1.276e+00 8.339140 -0.000000 91.243635 4.961e-10
29600 4459.363822 -1.276e+00 8.339140 -0.000000 91.243636 4.910e-10
29700 4459.363828 -1.276e+00 8.339140 -0.000000 91.243637 4.860e-10
29800 4459.363834 -1.276e+00 8.339140 -0.000000 91.243638 4.809e-10
29900 4459.363839 -1.276e+00 8.339140 -0.000000 91.243639 4.759e-10
30000 4459.363844 -1.276e+00 8.339140 -0.000000 91.243640 4.708e-10
30100 4459.363850 -1.276e+00 8.339140 -0.000000 91.243641 4.657e-10
30200 4459.363855 -1.276e+00 8.339140 -0.000000 91.243642 4.607e-10
30300 4459.363860 -1.276e+00 8.339140 -0.000000 91.243643 4.556e-10
30400 4459.363865 -1.276e+00 8.339140 -0.000000 91.243643 4.505e-10
30500 4459.363870 -1.276e+00 8.339140 -0.000000 91.243644 4.454e-10
30600 4459.363875 -1.276e+00 8.339140 -0.000000 91.243645 4.404e-10
30700 4459.363880 -1.276e+00 8.339140 -0.000000 91.243646 4.353e-10
30800 4459.363884 -1.276e+00 8.339140 -0.000000 91.243647 4.302e-10
30900 4459.363889 -1.276e+00 8.339140 -0.000000 91.243648 4.252e-10
31000 4459.363894 -1.276e+00 8.339140 -0.000000 91.243648 4.201e-10
31100 4459.363898 -1.276e+00 8.339140 -0.000000 91.243649 4.151e-10
31200 4459.363903 -1.276e+00 8.339140 -0.000000 91.243650 4.101e-10
31300 4459.363907 -1.276e+00 8.339140 -0.000000 91.243651 4.050e-10
31400 4459.363912 -1.276e+00 8.339140 -0.000000 91.243652 4.000e-10
31500 4459.363916 -1.276e+00 8.339140 -0.000000 91.243652 3.951e-10
31600 4459.363920 -1.276e+00 8.339140 -0.000000 91.243653 3.901e-10
31700 4459.363924 -1.276e+00 8.339140 -0.000000 91.243654 3.852e-10
31800 4459.363928 -1.276e+00 8.339140 -0.000000 91.243654 3.802e-10
31900 4459.363933 -1.276e+00 8.339140 -0.000000 91.243655 3.753e-10
32000 4459.363937 -1.276e+00 8.339140 -0.000000 91.243656 3.704e-10
32100 4459.363940 -1.276e+00 8.339140 -0.000000 91.243656 3.656e-10
32200 4459.363944 -1.276e+00 8.339140 -0.000000 91.243657 3.607e-10
32300 4459.363948 -1.276e+00 8.339140 -0.000000 91.243658 3.559e-10
32400 4459.363952 -1.276e+00 8.339140 -0.000000 91.243658 3.512e-10
32500 4459.363956 -1.276e+00 8.339140 -0.000000 91.243659 3.464e-10
32600 4459.363959 -1.276e+00 8.339140 -0.000000 91.243659 3.417e-10
32700 4459.363963 -1.276e+00 8.339140 -0.000000 91.243660 3.370e-10
32800 4459.363966 -1.276e+00 8.339140 -0.000000 91.243661 3.323e-10
32900 4459.363970 -1.276e+00 8.339140 -0.000000 91.243661 3.277e-10
33000 4459.363973 -1.276e+00 8.339140 -0.000000 91.243662 3.231e-10
33100 4459.363977 -1.276e+00 8.339140 -0.000000 91.243662 3.185e-10
33200 4459.363980 -1.276e+00 8.339140 -0.000000 91.243663 3.140e-10
33300 4459.363983 -1.276e+00 8.339140 -0.000000 91.243663 3.095e-10
33400 4459.363986 -1.276e+00 8.339140 -0.000000 91.243664 3.051e-10
33500 4459.363990 -1.276e+00 8.339140 -0.000000 91.243664 3.007e-10
33600 4459.363993 -1.276e+00 8.339140 -0.000000 91.243665 2.963e-10
33700 4459.363996 -1.276e+00 8.339140 -0.000000 91.243665 2.920e-10
33800 4459.363999 -1.276e+00 8.339140 -0.000000 91.243666 2.877e-10
33900 4459.364002 -1.276e+00 8.339140 -0.000000 91.243666 2.834e-10
34000 4459.364005 -1.276e+00 8.339140 -0.000000 91.243667 2.792e-10
34100 4459.364008 -1.276e+00 8.339140 -0.000000 91.243667 2.751e-10
34200 4459.364010 -1.276e+00 8.339140 -0.000000 91.243668 2.710e-10
34300 4459.364013 -1.276e+00 8.339140 -0.000000 91.243668 2.669e-10
34400 4459.364016 -1.276e+00 8.339140 -0.000000 91.243669 2.629e-10
34500 4459.364019 -1.276e+00 8.339140 -0.000000 91.243669 2.589e-10
34600 4459.364021 -1.276e+00 8.339140 -0.000000 91.243669 2.550e-10
34700 4459.364024 -1.276e+00 8.339140 -0.000000 91.243670 2.511e-10
34800 4459.364027 -1.276e+00 8.339140 -0.000000 91.243670 2.473e-10
34900 4459.364029 -1.276e+00 8.339140 -0.000000 91.243671 2.435e-10
35000 4459.364032 -1.276e+00 8.339140 -0.000000 91.243671 2.398e-10
35100 4459.364034 -1.276e+00 8.339140 -0.000000 91.243671 2.362e-10
35200 4459.364037 -1.276e+00 8.339140 -0.000000 91.243672 2.325e-10
35300 4459.364039 -1.276e+00 8.339140 -0.000000 91.243672 2.290e-10
35400 4459.364041 -1.276e+00 8.339140 -0.000000 91.243672 2.255e-10
35500 4459.364044 -1.276e+00 8.339140 -0.000000 91.243673 2.220e-10
35600 4459.364046 -1.276e+00 8.339140 -0.000000 91.243673 2.186e-10
35700 4459.364048 -1.276e+00 8.339140 -0.000000 91.243673 2.153e-10
35800 4459.364051 -1.276e+00 8.339140 -0.000000 91.243674 2.120e-10
35900 4459.364053 -1.276e+00 8.339140 -0.000000 91.243674 2.087e-10
36000 4459.364055 -1.276e+00 8.339140 -0.000000 91.243674 2.055e-10
36100 4459.364057 -1.276e+00 8.339140 -0.000000 91.243675 2.024e-10
36200 4459.364059 -1.276e+00 8.339140 -0.000000 91.243675 1.994e-10
36300 4459.364062 -1.276e+00 8.339140 -0.000000 91.243675 1.963e-10
36400 4459.364064 -1.276e+00 8.339140 -0.000000 91.243676 1.934e-10
36500 4459.364066 -1.276e+00 8.339140 -0.000000 91.243676 1.905e-10
36600 4459.364068 -1.276e+00 8.339140 -0.000000 91.243676 1.877e-10
36700 4459.364070 -1.276e+00 8.339140 -0.000000 91.243677 1.849e-10
36800 4459.364072 -1.276e+00 8.339140 -0.000000 91.243677 1.821e-10
36900 4459.364074 -1.276e+00 8.339140 -0.000000 91.243677 1.795e-10
37000 4459.364076 -1.276e+00 8.339140 -0.000000 91.243677 1.769e-10
37100 4459.364078 -1.276e+00 8.339140 -0.000000 91.243678 1.743e-10
37200 4459.364080 -1.276e+00 8.339140 -0.000000 91.243678 1.718e-10
37300 4459.364081 -1.276e+00 8.339140 -0.000000 91.243678 1.694e-10
37400 4459.364083 -1.276e+00 8.339140 -0.000000 91.243679 1.670e-10
37500 4459.364085 -1.276e+00 8.339140 -0.000000 91.243679 1.647e-10
37600 4459.364087 -1.276e+00 8.339140 -0.000000 91.243679 1.624e-10
37700 4459.364089 -1.276e+00 8.339140 -0.000000 91.243679 1.602e-10
37800 4459.364091 -1.276e+00 8.339140 -0.000000 91.243680 1.580e-10
37900 4459.364092 -1.276e+00 8.339140 -0.000000 91.243680 1.559e-10
38000 4459.364094 -1.276e+00 8.339140 -0.000000 91.243680 1.539e-10
38100 4459.364096 -1.276e+00 8.339140 -0.000000 91.243680 1.519e-10
38200 4459.364098 -1.276e+00 8.339140 -0.000000 91.243681 1.500e-10
38300 4459.364099 -1.276e+00 8.339140 -0.000000 91.243681 1.481e-10
38400 4459.364101 -1.276e+00 8.339140 -0.000000 91.243681 1.462e-10
38500 4459.364103 -1.276e+00 8.339140 -0.000000 91.243681 1.445e-10
38600 4459.364105 -1.276e+00 8.339140 -0.000000 91.243682 1.427e-10
38700 4459.364106 -1.276e+00 8.339140 -0.000000 91.243682 1.411e-10
38800 4459.364108 -1.276e+00 8.339140 -0.000000 91.243682 1.394e-10
38900 4459.364110 -1.276e+00 8.339140 -0.000000 91.243682 1.379e-10
39000 4459.364111 -1.276e+00 8.339140 -0.000000 91.243683 1.363e-10
39100 4459.364113 -1.276e+00 8.339140 -0.000000 91.243683 1.349e-10
39200 4459.364114 -1.276e+00 8.339140 -0.000000 91.243683 1.334e-10
39300 4459.364116 -1.276e+00 8.339140 -0.000000 91.243683 1.320e-10
39400 4459.364118 -1.276e+00 8.339140 -0.000000 91.243684 1.307e-10
39500 4459.364119 -1.276e+00 8.339140 -0.000000 91.243684 1.294e-10
39600 4459.364121 -1.276e+00 8.339140 -0.000000 91.243684 1.282e-10
39700 4459.364122 -1.276e+00 8.339140 -0.000000 91.243684 1.269e-10
39800 4459.364124 -1.276e+00 8.339140 -0.000000 91.243685 1.258e-10
39900 4459.364126 -1.276e+00 8.339140 -0.000000 91.243685 1.246e-10
40000 4459.364127 -1.276e+00 8.339140 -0.000000 91.243685 1.236e-10
40100 4459.364129 -1.276e+00 8.339141 -0.000000 91.243685 1.225e-10
40200 4459.364130 -1.276e+00 8.339141 -0.000000 91.243686 1.215e-10
40300 4459.364132 -1.276e+00 8.339141 -0.000000 91.243686 1.205e-10
40400 4459.364133 -1.276e+00 8.339141 -0.000000 91.243686 1.195e-10
40500 4459.364135 -1.276e+00 8.339141 -0.000000 91.243686 1.186e-10
40600 4459.364136 -1.276e+00 8.339141 -0.000000 91.243687 1.177e-10
40700 4459.364138 -1.276e+00 8.339141 -0.000000 91.243687 1.169e-10
40800 4459.364139 -1.276e+00 8.339141 -0.000000 91.243687 1.161e-10
40900 4459.364141 -1.276e+00 8.339141 -0.000000 91.243687 1.153e-10
41000 4459.364142 -1.276e+00 8.339141 -0.000000 91.243688 1.145e-10
41100 4459.364144 -1.276e+00 8.339141 -0.000000 91.243688 1.137e-10
41200 4459.364145 -1.276e+00 8.339141 -0.000000 91.243688 1.130e-10
41300 4459.364147 -1.276e+00 8.339141 -0.000000 91.243688 1.123e-10
41400 4459.364148 -1.276e+00 8.339141 -0.000000 91.243688 1.116e-10
41500 4459.364149 -1.276e+00 8.339141 -0.000000 91.243689 1.110e-10
41600 4459.364151 -1.276e+00 8.339141 -0.000000 91.243689 1.103e-10
41700 4459.364152 -1.276e+00 8.339141 -0.000000 91.243689 1.097e-10
41800 4459.364154 -1.276e+00 8.339141 -0.000000 91.243689 1.091e-10
41900 4459.364155 -1.276e+00 8.339141 -0.000000 91.243690 1.085e-10
42000 4459.364157 -1.276e+00 8.339141 -0.000000 91.243690 1.080e-10
42100 4459.364158 -1.276e+00 8.339141 -0.000000 91.243690 1.074e-10
42200 4459.364159 -1.276e+00 8.339141 -0.000000 91.243690 1.069e-10
42300 4459.364161 -1.276e+00 8.339141 -0.000000 91.243691 1.063e-10
42400 4459.364162 -1.276e+00 8.339141 -0.000000 91.243691 1.058e-10
42500 4459.364164 -1.276e+00 8.339141 -0.000000 91.243691 1.053e-10
42600 4459.364165 -1.276e+00 8.339141 -0.000000 91.243691 1.048e-10
42700 4459.364166 -1.276e+00 8.339141 -0.000000 91.243691 1.043e-10
42800 4459.364168 -1.276e+00 8.339141 -0.000000 91.243692 1.038e-10
42900 4459.364169 -1.276e+00 8.339141 -0.000000 91.243692 1.034e-10
43000 4459.364170 -1.276e+00 8.339141 -0.000000 91.243692 1.029e-10
43100 4459.364172 -1.276e+00 8.339141 -0.000000 91.243692 1.025e-10
43200 4459.364173 -1.276e+00 8.339141 -0.000000 91.243693 1.020e-10
43300 4459.364175 -1.276e+00 8.339141 -0.000000 91.243693 1.015e-10
43400 4459.364176 -1.276e+00 8.339141 -0.000000 91.243693 1.011e-10
43500 4459.364177 -1.276e+00 8.339141 -0.000000 91.243693 1.007e-10
43600 4459.364179 -1.276e+00 8.339141 -0.000000 91.243694 1.002e-10
43700 4459.364180 -1.276e+00 8.339141 -0.000000 91.243694 9.978e-11
43800 4459.364181 -1.276e+00 8.339141 -0.000000 91.243694 9.935e-11
43900 4459.364183 -1.276e+00 8.339141 -0.000000 91.243694 9.891e-11
44000 4459.364184 -1.276e+00 8.339141 -0.000000 91.243695 9.848e-11
44100 4459.364185 -1.276e+00 8.339141 -0.000000 91.243695 9.805e-11
44200 4459.364186 -1.276e+00 8.339141 -0.000000 91.243695 9.762e-11
44300 4459.364188 -1.276e+00 8.339141 -0.000000 91.243695 9.718e-11
44400 4459.364189 -1.276e+00 8.339141 -0.000000 91.243695 9.675e-11
44500 4459.364190 -1.276e+00 8.339141 -0.000000 91.243696 9.632e-11
44600 4459.364192 -1.276e+00 8.339141 -0.000000 91.243696 9.588e-11
44700 4459.364193 -1.276e+00 8.339141 -0.000000 91.243696 9.544e-11
44800 4459.364194 -1.276e+00 8.339141 -0.000000 91.243696 9.500e-11
44900 4459.364195 -1.276e+00 8.339141 -0.000000 91.243697 9.456e-11
45000 4459.364197 -1.276e+00 8.339141 -0.000000 91.243697 9.412e-11
45100 4459.364198 -1.276e+00 8.339141 -0.000000 91.243697 9.367e-11
45200 4459.364199 -1.276e+00 8.339141 -0.000000 91.243697 9.322e-11
45300 4459.364200 -1.276e+00 8.339141 -0.000000 91.243697 9.277e-11
45400 4459.364202 -1.276e+00 8.339141 -0.000000 91.243698 9.232e-11
45500 4459.364203 -1.276e+00 8.339141 -0.000000 91.243698 9.186e-11
45600 4459.364204 -1.276e+00 8.339141 -0.000000 91.243698 9.140e-11
45700 4459.364205 -1.276e+00 8.339141 -0.000000 91.243698 9.094e-11
45800 4459.364207 -1.276e+00 8.339141 -0.000000 91.243699 9.047e-11
45900 4459.364208 -1.276e+00 8.339141 -0.000000 91.243699 9.000e-11
46000 4459.364209 -1.276e+00 8.339141 -0.000000 91.243699 8.952e-11
46100 4459.364210 -1.276e+00 8.339141 -0.000000 91.243699 8.904e-11
46200 4459.364211 -1.276e+00 8.339141 -0.000000 91.243699 8.856e-11
46300 4459.364213 -1.276e+00 8.339141 -0.000000 91.243700 8.807e-11
46400 4459.364214 -1.276e+00 8.339141 -0.000000 91.243700 8.758e-11
46500 4459.364215 -1.276e+00 8.339141 -0.000000 91.243700 8.709e-11
46600 4459.364216 -1.276e+00 8.339141 -0.000000 91.243700 8.659e-11
46700 4459.364217 -1.276e+00 8.339141 -0.000000 91.243700 8.609e-11
46800 4459.364218 -1.276e+00 8.339141 -0.000000 91.243701 8.558e-11
46900 4459.364220 -1.276e+00 8.339141 -0.000000 91.243701 8.508e-11
47000 4459.364221 -1.276e+00 8.339141 -0.000000 91.243701 8.456e-11
47100 4459.364222 -1.276e+00 8.339141 -0.000000 91.243701 8.405e-11
47200 4459.364223 -1.276e+00 8.339141 -0.000000 91.243702 8.353e-11
47300 4459.364224 -1.276e+00 8.339141 -0.000000 91.243702 8.300e-11
47400 4459.364225 -1.276e+00 8.339141 -0.000000 91.243702 8.247e-11
47500 4459.364226 -1.276e+00 8.339141 -0.000000 91.243702 8.195e-11
47600 4459.364227 -1.276e+00 8.339141 -0.000000 91.243702 8.141e-11
47700 4459.364228 -1.276e+00 8.339141 -0.000000 91.243702 8.087e-11
47800 4459.364229 -1.276e+00 8.339141 -0.000000 91.243703 8.033e-11
47900 4459.364230 -1.276e+00 8.339141 -0.000000 91.243703 7.979e-11
48000 4459.364232 -1.276e+00 8.339141 -0.000000 91.243703 7.924e-11
48100 4459.364233 -1.276e+00 8.339141 -0.000000 91.243703 7.869e-11
48200 4459.364234 -1.276e+00 8.339141 -0.000000 91.243703 7.814e-11
48300 4459.364235 -1.276e+00 8.339141 -0.000000 91.243704 7.759e-11
48400 4459.364236 -1.276e+00 8.339141 -0.000000 91.243704 7.703e-11
48500 4459.364237 -1.276e+00 8.339141 -0.000000 91.243704 7.647e-11
48600 4459.364238 -1.276e+00 8.339141 -0.000000 91.243704 7.591e-11
48700 4459.364239 -1.276e+00 8.339141 -0.000000 91.243704 7.534e-11
48800 4459.364240 -1.276e+00 8.339141 -0.000000 91.243705 7.477e-11
48900 4459.364241 -1.276e+00 8.339141 -0.000000 91.243705 7.420e-11
49000 4459.364242 -1.276e+00 8.339141 -0.000000 91.243705 7.363e-11
49100 4459.364243 -1.276e+00 8.339141 -0.000000 91.243705 7.306e-11
49200 4459.364244 -1.276e+00 8.339141 -0.000000 91.243705 7.249e-11
49300 4459.364245 -1.276e+00 8.339141 -0.000000 91.243705 7.191e-11
49400 4459.364245 -1.276e+00 8.339141 -0.000000 91.243706 7.133e-11
49500 4459.364246 -1.276e+00 8.339141 -0.000000 91.243706 7.076e-11
49600 4459.364247 -1.276e+00 8.339141 -0.000000 91.243706 7.017e-11
49700 4459.364248 -1.276e+00 8.339141 -0.000000 91.243706 6.959e-11
49800 4459.364249 -1.276e+00 8.339141 -0.000000 91.243706 6.901e-11
49900 4459.364250 -1.276e+00 8.339141 -0.000000 91.243706 6.843e-11
50000 4459.364251 -1.276e+00 8.339141 -0.000000 91.243707 6.785e-11
50100 4459.364252 -1.276e+00 8.339141 -0.000000 91.243707 6.726e-11
50200 4459.364253 -1.276e+00 8.339141 -0.000000 91.243707 6.668e-11
50300 4459.364254 -1.276e+00 8.339141 -0.000000 91.243707 6.610e-11
50400 4459.364254 -1.276e+00 8.339141 -0.000000 91.243707 6.551e-11
50500 4459.364255 -1.276e+00 8.339141 -0.000000 91.243707 6.493e-11
50600 4459.364256 -1.276e+00 8.339141 -0.000000 91.243708 6.434e-11
50700 4459.364257 -1.276e+00 8.339141 -0.000000 91.243708 6.376e-11
50800 4459.364258 -1.276e+00 8.339141 -0.000000 91.243708 6.318e-11
50900 4459.364259 -1.276e+00 8.339141 -0.000000 91.243708 6.259e-11
51000 4459.364259 -1.276e+00 8.339141 -0.000000 91.243708 6.201e-11
51100 4459.364260 -1.276e+00 8.339141 -0.000000 91.243708 6.143e-11
51200 4459.364261 -1.276e+00 8.339141 -0.000000 91.243708 6.085e-11
51300 4459.364262 -1.276e+00 8.339141 -0.000000 91.243709 6.027e-11
51400 4459.364263 -1.276e+00 8.339141 -0.000000 91.243709 5.970e-11
51500 4459.364263 -1.276e+00 8.339141 -0.000000 91.243709 5.912e-11
51600 4459.364264 -1.276e+00 8.339141 -0.000000 91.243709 5.855e-11
51700 4459.364265 -1.276e+00 8.339141 -0.000000 91.243709 5.797e-11
51800 4459.364266 -1.276e+00 8.339141 -0.000000 91.243709 5.740e-11
51900 4459.364266 -1.276e+00 8.339141 -0.000000 91.243709 5.683e-11
52000 4459.364267 -1.276e+00 8.339141 -0.000000 91.243710 5.626e-11
52100 4459.364268 -1.276e+00 8.339141 -0.000000 91.243710 5.570e-11
52200 4459.364269 -1.276e+00 8.339141 -0.000000 91.243710 5.513e-11
52300 4459.364269 -1.276e+00 8.339141 -0.000000 91.243710 5.457e-11
52400 4459.364270 -1.276e+00 8.339141 -0.000000 91.243710 5.402e-11
52500 4459.364271 -1.276e+00 8.339141 -0.000000 91.243710 5.346e-11
52600 4459.364271 -1.276e+00 8.339141 -0.000000 91.243710 5.290e-11
52700 4459.364272 -1.276e+00 8.339141 -0.000000 91.243710 5.235e-11
52800 4459.364273 -1.276e+00 8.339141 -0.000000 91.243711 5.180e-11
52900 4459.364273 -1.276e+00 8.339141 -0.000000 91.243711 5.126e-11
53000 4459.364274 -1.276e+00 8.339141 -0.000000 91.243711 5.072e-11
53100 4459.364275 -1.276e+00 8.339141 -0.000000 91.243711 5.018e-11
53200 4459.364275 -1.276e+00 8.339141 -0.000000 91.243711 4.964e-11
53300 4459.364276 -1.276e+00 8.339141 -0.000000 91.243711 4.911e-11
53400 4459.364277 -1.276e+00 8.339141 -0.000000 91.243711 4.858e-11
53500 4459.364277 -1.276e+00 8.339141 -0.000000 91.243711 4.805e-11
53600 4459.364278 -1.276e+00 8.339141 -0.000000 91.243711 4.753e-11
53700 4459.364278 -1.276e+00 8.339141 -0.000000 91.243712 4.701e-11
53800 4459.364279 -1.276e+00 8.339141 -0.000000 91.243712 4.650e-11
53900 4459.364280 -1.276e+00 8.339141 -0.000000 91.243712 4.599e-11
54000 4459.364280 -1.276e+00 8.339141 -0.000000 91.243712 4.548e-11
54100 4459.364281 -1.276e+00 8.339141 -0.000000 91.243712 4.498e-11
54200 4459.364281 -1.276e+00 8.339141 -0.000000 91.243712 4.448e-11
54300 4459.364282 -1.276e+00 8.339141 -0.000000 91.243712 4.398e-11
54400 4459.364282 -1.276e+00 8.339141 -0.000000 91.243712 4.349e-11
54500 4459.364283 -1.276e+00 8.339141 -0.000000 91.243712 4.300e-11
54600 4459.364284 -1.276e+00 8.339141 -0.000000 91.243713 4.252e-11
54700 4459.364284 -1.276e+00 8.339141 -0.000000 91.243713 4.204e-11
54800 4459.364285 -1.276e+00 8.339141 -0.000000 91.243713 4.157e-11
54900 4459.364285 -1.276e+00 8.339141 -0.000000 91.243713 4.110e-11
55000 4459.364286 -1.276e+00 8.339141 -0.000000 91.243713 4.063e-11
55100 4459.364286 -1.276e+00 8.339141 -0.000000 91.243713 4.018e-11
55200 4459.364287 -1.276e+00 8.339141 -0.000000 91.243713 3.972e-11
55300 4459.364287 -1.276e+00 8.339141 -0.000000 91.243713 3.927e-11
55400 4459.364288 -1.276e+00 8.339141 -0.000000 91.243713 3.882e-11
55500 4459.364288 -1.276e+00 8.339141 -0.000000 91.243713 3.838e-11
55600 4459.364289 -1.276e+00 8.339141 -0.000000 91.243713 3.795e-11
55700 4459.364289 -1.276e+00 8.339141 -0.000000 91.243713 3.752e-11
55800 4459.364290 -1.276e+00 8.339141 -0.000000 91.243714 3.709e-11
55900 4459.364290 -1.276e+00 8.339141 -0.000000 91.243714 3.667e-11
56000 4459.364291 -1.276e+00 8.339141 -0.000000 91.243714 3.625e-11
56100 4459.364291 -1.276e+00 8.339141 -0.000000 91.243714 3.584e-11
56200 4459.364291 -1.276e+00 8.339141 -0.000000 91.243714 3.543e-11
56300 4459.364292 -1.276e+00 8.339141 -0.000000 91.243714 3.503e-11
56400 4459.364292 -1.276e+00 8.339141 -0.000000 91.243714 3.463e-11
56500 4459.364293 -1.276e+00 8.339141 -0.000000 91.243714 3.424e-11
56600 4459.364293 -1.276e+00 8.339141 -0.000000 91.243714 3.386e-11
56700 4459.364294 -1.276e+00 8.339141 -0.000000 91.243714 3.348e-11
56800 4459.364294 -1.276e+00 8.339141 -0.000000 91.243714 3.310e-11
56900 4459.364295 -1.276e+00 8.339141 -0.000000 91.243714 3.273e-11
57000 4459.364295 -1.276e+00 8.339141 -0.000000 91.243715 3.236e-11
57100 4459.364295 -1.276e+00 8.339141 -0.000000 91.243715 3.201e-11
57200 4459.364296 -1.276e+00 8.339141 -0.000000 91.243715 3.165e-11
57300 4459.364296 -1.276e+00 8.339141 -0.000000 91.243715 3.130e-11
57400 4459.364297 -1.276e+00 8.339141 -0.000000 91.243715 3.096e-11
57500 4459.364297 -1.276e+00 8.339141 -0.000000 91.243715 3.061e-11
57600 4459.364297 -1.276e+00 8.339141 -0.000000 91.243715 3.028e-11
57700 4459.364298 -1.276e+00 8.339141 -0.000000 91.243715 2.995e-11
57800 4459.364298 -1.276e+00 8.339141 -0.000000 91.243715 2.963e-11
57900 4459.364299 -1.276e+00 8.339141 -0.000000 91.243715 2.931e-11
58000 4459.364299 -1.276e+00 8.339141 -0.000000 91.243715 2.899e-11
58100 4459.364299 -1.276e+00 8.339141 -0.000000 91.243715 2.868e-11
58200 4459.364300 -1.276e+00 8.339141 -0.000000 91.243715 2.838e-11
58300 4459.364300 -1.276e+00 8.339141 -0.000000 91.243715 2.808e-11
58400 4459.364300 -1.276e+00 8.339141 -0.000000 91.243715 2.779e-11
58500 4459.364301 -1.276e+00 8.339141 -0.000000 91.243716 2.750e-11
58600 4459.364301 -1.276e+00 8.339141 -0.000000 91.243716 2.721e-11
58700 4459.364301 -1.276e+00 8.339141 -0.000000 91.243716 2.693e-11
58800 4459.364302 -1.276e+00 8.339141 -0.000000 91.243716 2.666e-11
58900 4459.364302 -1.276e+00 8.339141 -0.000000 91.243716 2.639e-11
59000 4459.364302 -1.276e+00 8.339141 -0.000000 91.243716 2.613e-11
59100 4459.364303 -1.276e+00 8.339141 -0.000000 91.243716 2.586e-11
59200 4459.364303 -1.276e+00 8.339141 -0.000000 91.243716 2.561e-11
59300 4459.364303 -1.276e+00 8.339141 -0.000000 91.243716 2.536e-11
59400 4459.364304 -1.276e+00 8.339141 -0.000000 91.243716 2.511e-11
59500 4459.364304 -1.276e+00 8.339141 -0.000000 91.243716 2.487e-11
59600 4459.364304 -1.276e+00 8.339141 -0.000000 91.243716 2.463e-11
59700 4459.364305 -1.276e+00 8.339141 -0.000000 91.243716 2.440e-11
59800 4459.364305 -1.276e+00 8.339141 -0.000000 91.243716 2.417e-11
59900 4459.364305 -1.276e+00 8.339141 -0.000000 91.243716 2.394e-11
60000 4459.364306 -1.276e+00 8.339141 -0.000000 91.243716 2.373e-11
60100 4459.364306 -1.276e+00 8.339141 -0.000000 91.243716 2.351e-11
60200 4459.364306 -1.276e+00 8.339141 -0.000000 91.243716 2.330e-11
60300 4459.364307 -1.276e+00 8.339141 -0.000000 91.243717 2.309e-11
60400 4459.364307 -1.276e+00 8.339141 -0.000000 91.243717 2.288e-11
60500 4459.364307 -1.276e+00 8.339141 -0.000000 91.243717 2.268e-11
60600 4459.364308 -1.276e+00 8.339141 -0.000000 91.243717 2.249e-11
60700 4459.364308 -1.276e+00 8.339141 -0.000000 91.243717 2.230e-11
60800 4459.364308 -1.276e+00 8.339141 -0.000000 91.243717 2.211e-11
60900 4459.364308 -1.276e+00 8.339141 -0.000000 91.243717 2.192e-11
61000 4459.364309 -1.276e+00 8.339141 -0.000000 91.243717 2.174e-11
61100 4459.364309 -1.276e+00 8.339141 -0.000000 91.243717 2.156e-11
61200 4459.364309 -1.276e+00 8.339141 -0.000000 91.243717 2.138e-11
61300 4459.364310 -1.276e+00 8.339141 -0.000000 91.243717 2.121e-11
61400 4459.364310 -1.276e+00 8.339141 -0.000000 91.243717 2.104e-11
61500 4459.364310 -1.276e+00 8.339141 -0.000000 91.243717 2.088e-11
61600 4459.364310 -1.276e+00 8.339141 -0.000000 91.243717 2.072e-11
61700 4459.364311 -1.276e+00 8.339141 -0.000000 91.243717 2.056e-11
61800 4459.364311 -1.276e+00 8.339141 -0.000000 91.243717 2.040e-11
61900 4459.364311 -1.276e+00 8.339141 -0.000000 91.243717 2.025e-11
62000 4459.364312 -1.276e+00 8.339141 -0.000000 91.243717 2.010e-11
62100 4459.364312 -1.276e+00 8.339141 -0.000000 91.243717 1.995e-11
62200 4459.364312 -1.276e+00 8.339141 -0.000000 91.243717 1.980e-11
62300 4459.364312 -1.276e+00 8.339141 -0.000000 91.243718 1.966e-11
62400 4459.364313 -1.276e+00 8.339141 -0.000000 91.243718 1.952e-11
62500 4459.364313 -1.276e+00 8.339141 -0.000000 91.243718 1.938e-11
62600 4459.364313 -1.276e+00 8.339141 -0.000000 91.243718 1.924e-11
62700 4459.364313 -1.276e+00 8.339141 -0.000000 91.243718 1.911e-11
62800 4459.364314 -1.276e+00 8.339141 -0.000000 91.243718 1.898e-11
62900 4459.364314 -1.276e+00 8.339141 -0.000000 91.243718 1.885e-11
63000 4459.364314 -1.276e+00 8.339141 -0.000000 91.243718 1.872e-11
63100 4459.364314 -1.276e+00 8.339141 -0.000000 91.243718 1.860e-11
63200 4459.364315 -1.276e+00 8.339141 -0.000000 91.243718 1.847e-11
63300 4459.364315 -1.276e+00 8.339141 -0.000000 91.243718 1.835e-11
63400 4459.364315 -1.276e+00 8.339141 -0.000000 91.243718 1.823e-11
63500 4459.364315 -1.276e+00 8.339141 -0.000000 91.243718 1.811e-11
63600 4459.364316 -1.276e+00 8.339141 -0.000000 91.243718 1.800e-11
63700 4459.364316 -1.276e+00 8.339141 -0.000000 91.243718 1.788e-11
63800 4459.364316 -1.276e+00 8.339141 -0.000000 91.243718 1.777e-11
63900 4459.364316 -1.276e+00 8.339141 -0.000000 91.243718 1.766e-11
64000 4459.364317 -1.276e+00 8.339141 -0.000000 91.243718 1.755e-11
64100 4459.364317 -1.276e+00 8.339141 -0.000000 91.243718 1.744e-11
64200 4459.364317 -1.276e+00 8.339141 -0.000000 91.243718 1.733e-11
64300 4459.364317 -1.276e+00 8.339141 -0.000000 91.243718 1.722e-11
64400 4459.364318 -1.276e+00 8.339141 -0.000000 91.243718 1.711e-11
64500 4459.364318 -1.276e+00 8.339141 -0.000000 91.243719 1.701e-11
64600 4459.364318 -1.276e+00 8.339141 -0.000000 91.243719 1.691e-11
64700 4459.364318 -1.276e+00 8.339141 -0.000000 91.243719 1.680e-11
64800 4459.364318 -1.276e+00 8.339141 -0.000000 91.243719 1.670e-11
64900 4459.364319 -1.276e+00 8.339141 -0.000000 91.243719 1.660e-11
65000 4459.364319 -1.276e+00 8.339141 -0.000000 91.243719 1.650e-11
65100 4459.364319 -1.276e+00 8.339141 -0.000000 91.243719 1.640e-11
65200 4459.364319 -1.276e+00 8.339141 -0.000000 91.243719 1.630e-11
65300 4459.364320 -1.276e+00 8.339141 -0.000000 91.243719 1.621e-11
65400 4459.364320 -1.276e+00 8.339141 -0.000000 91.243719 1.611e-11
65500 4459.364320 -1.276e+00 8.339141 -0.000000 91.243719 1.601e-11
65600 4459.364320 -1.276e+00 8.339141 -0.000000 91.243719 1.592e-11
65700 4459.364320 -1.276e+00 8.339141 -0.000000 91.243719 1.582e-11
65800 4459.364321 -1.276e+00 8.339141 -0.000000 91.243719 1.573e-11
65900 4459.364321 -1.276e+00 8.339141 -0.000000 91.243719 1.563e-11
66000 4459.364321 -1.276e+00 8.339141 -0.000000 91.243719 1.554e-11
66100 4459.364321 -1.276e+00 8.339141 -0.000000 91.243719 1.545e-11
66200 4459.364321 -1.276e+00 8.339141 -0.000000 91.243719 1.535e-11
66300 4459.364322 -1.276e+00 8.339141 -0.000000 91.243719 1.526e-11
66400 4459.364322 -1.276e+00 8.339141 -0.000000 91.243719 1.517e-11
66500 4459.364322 -1.276e+00 8.339141 -0.000000 91.243719 1.508e-11
66600 4459.364322 -1.276e+00 8.339141 -0.000000 91.243719 1.499e-11
66700 4459.364323 -1.276e+00 8.339141 -0.000000 91.243719 1.490e-11
66800 4459.364323 -1.276e+00 8.339141 -0.000000 91.243719 1.481e-11
66900 4459.364323 -1.276e+00 8.339141 -0.000000 91.243720 1.472e-11
67000 4459.364323 -1.276e+00 8.339141 -0.000000 91.243720 1.463e-11
67100 4459.364323 -1.276e+00 8.339141 -0.000000 91.243720 1.454e-11
67200 4459.364324 -1.276e+00 8.339141 -0.000000 91.243720 1.445e-11
67300 4459.364324 -1.276e+00 8.339141 -0.000000 91.243720 1.436e-11
67400 4459.364324 -1.276e+00 8.339141 -0.000000 91.243720 1.427e-11
67500 4459.364324 -1.276e+00 8.339141 -0.000000 91.243720 1.418e-11
67600 4459.364324 -1.276e+00 8.339141 -0.000000 91.243720 1.409e-11
67700 4459.364324 -1.276e+00 8.339141 -0.000000 91.243720 1.400e-11
67800 4459.364325 -1.276e+00 8.339141 -0.000000 91.243720 1.391e-11
67900 4459.364325 -1.276e+00 8.339141 -0.000000 91.243720 1.383e-11
68000 4459.364325 -1.276e+00 8.339141 -0.000000 91.243720 1.374e-11
68100 4459.364325 -1.276e+00 8.339141 -0.000000 91.243720 1.365e-11
68200 4459.364325 -1.276e+00 8.339141 -0.000000 91.243720 1.356e-11
68300 4459.364326 -1.276e+00 8.339141 -0.000000 91.243720 1.348e-11
68400 4459.364326 -1.276e+00 8.339141 -0.000000 91.243720 1.339e-11
68500 4459.364326 -1.276e+00 8.339141 -0.000000 91.243720 1.330e-11
68600 4459.364326 -1.276e+00 8.339141 -0.000000 91.243720 1.321e-11
68700 4459.364326 -1.276e+00 8.339141 -0.000000 91.243720 1.313e-11
68800 4459.364326 -1.276e+00 8.339141 -0.000000 91.243720 1.304e-11
68900 4459.364327 -1.276e+00 8.339141 -0.000000 91.243720 1.295e-11
69000 4459.364327 -1.276e+00 8.339141 -0.000000 91.243720 1.287e-11
69100 4459.364327 -1.276e+00 8.339141 -0.000000 91.243720 1.278e-11
69200 4459.364327 -1.276e+00 8.339141 -0.000000 91.243720 1.269e-11
69300 4459.364327 -1.276e+00 8.339141 -0.000000 91.243720 1.260e-11
69400 4459.364328 -1.276e+00 8.339141 -0.000000 91.243720 1.252e-11
69500 4459.364328 -1.276e+00 8.339141 -0.000000 91.243720 1.243e-11
69600 4459.364328 -1.276e+00 8.339141 -0.000000 91.243720 1.235e-11
69700 4459.364328 -1.276e+00 8.339141 -0.000000 91.243720 1.226e-11
69800 4459.364328 -1.276e+00 8.339141 -0.000000 91.243721 1.217e-11
69900 4459.364328 -1.276e+00 8.339141 -0.000000 91.243721 1.209e-11
70000 4459.364329 -1.276e+00 8.339141 -0.000000 91.243721 1.200e-11
70100 4459.364329 -1.276e+00 8.339141 -0.000000 91.243721 1.192e-11
70200 4459.364329 -1.276e+00 8.339141 -0.000000 91.243721 1.183e-11
70300 4459.364329 -1.276e+00 8.339141 -0.000000 91.243721 1.174e-11
70400 4459.364329 -1.276e+00 8.339141 -0.000000 91.243721 1.166e-11
70500 4459.364329 -1.276e+00 8.339141 -0.000000 91.243721 1.157e-11
70600 4459.364329 -1.276e+00 8.339141 -0.000000 91.243721 1.149e-11
70700 4459.364330 -1.276e+00 8.339141 -0.000000 91.243721 1.141e-11
70800 4459.364330 -1.276e+00 8.339141 -0.000000 91.243721 1.132e-11
70900 4459.364330 -1.276e+00 8.339141 -0.000000 91.243721 1.123e-11
71000 4459.364330 -1.276e+00 8.339141 -0.000000 91.243721 1.115e-11
71100 4459.364330 -1.276e+00 8.339141 -0.000000 91.243721 1.106e-11
71200 4459.364330 -1.276e+00 8.339141 -0.000000 91.243721 1.098e-11
71300 4459.364331 -1.276e+00 8.339141 -0.000000 91.243721 1.090e-11
71400 4459.364331 -1.276e+00 8.339141 -0.000000 91.243721 1.081e-11
71500 4459.364331 -1.276e+00 8.339141 -0.000000 91.243721 1.073e-11
71600 4459.364331 -1.276e+00 8.339141 -0.000000 91.243721 1.065e-11
71700 4459.364331 -1.276e+00 8.339141 -0.000000 91.243721 1.056e-11
71800 4459.364331 -1.276e+00 8.339141 -0.000000 91.243721 1.048e-11
71900 4459.364331 -1.276e+00 8.339141 -0.000000 91.243721 1.040e-11
72000 4459.364332 -1.276e+00 8.339141 -0.000000 91.243721 1.032e-11
72100 4459.364332 -1.276e+00 8.339141 -0.000000 91.243721 1.023e-11
72200 4459.364332 -1.276e+00 8.339141 -0.000000 91.243721 1.015e-11
72300 4459.364332 -1.276e+00 8.339141 -0.000000 91.243721 1.007e-11
72400 4459.364332 -1.276e+00 8.339141 -0.000000 91.243721 9.992e-12
