0 -2234.875656 -1.332e-12 -8.712957 -0.000000 -283.497564 1.596e-01
100 -1056.495251 8.163e-13 -7.066824 -0.000000 -240.784022 8.417e-02
200 -108.691592 -6.632e-14 -5.610227 -0.000000 -204.219294 6.770e-02
300 639.032837 1.997e-12 -4.326037 -0.000000 -172.872410 5.341e-02
400 1236.426348 1.149e-12 -3.181508 -0.000000 -146.118202 4.267e-02
500 1733.532712 -2.866e-12 -2.147148 -0.000000 -123.305722 3.551e-02
600 2154.946098 2.378e-12 -1.210037 -0.000000 -103.760285 3.010e-02
700 2512.552466 6.265e-14 -0.361457 -0.000000 -86.885851 2.554e-02
800 2815.208736 2.692e-12 0.407103 -0.000000 -72.203418 2.162e-02
900 3070.893868 1.723e-12 1.103720 -0.000000 -59.339311 1.826e-02
1000 3286.758202 1.474e-13 1.735727 -0.000000 -48.000358 1.542e-02
1100 3468.979700 -6.253e-13 2.309642 -0.000000 -37.951766 1.302e-02
1200 3622.772996 1.651e-12 2.831210 -0.000000 -29.001129 1.099e-02
1300 3752.507600 2.459e-12 3.305491 -0.000000 -20.987868 9.267e-03
1400 3861.854886 1.735e-13 3.736960 -0.000000 -13.776480 7.811e-03
1500 3953.920131 -1.356e-15 4.129587 -0.000000 -7.252118 6.576e-03
1600 4031.346929 9.994e-13 4.486926 -0.000000 -1.317507 5.530e-03
1700 4096.396016 -1.449e-13 4.812167 -0.000000 4.109405 4.646e-03
1800 4151.004713 -1.181e-12 5.108193 -0.000000 9.097394 3.901e-03
1900 4196.832895 6.068e-13 5.377619 -0.000000 13.703663 3.273e-03
2000 4235.299871 6.428e-13 5.622822 -0.000000 17.975379 2.748e-03
2100 4267.615073 -1.056e-12 5.845965 -0.000000 21.951086 2.308e-03
2200 4294.804440 7.112e-13 6.049020 -0.000000 25.661992 1.942e-03
2300 4317.733648 1.515e-12 6.233787 -0.000000 29.133151 1.638e-03
2400 4337.128915 1.068e-12 6.401907 -0.000000 32.384521 1.385e-03
2500 4353.595807 1.350e-12 6.554873 -0.000000 35.431917 1.176e-03
2600 4367.636296 -5.373e-13 6.694051 -0.000000 38.287859 1.003e-03
2700 4379.664181 -1.766e-12 6.820680 -0.000000 40.962311 8.591e-04
2800 4390.018949 8.365e-13 6.935893 -0.000000 43.463325 7.396e-04
2900 4398.978081 3.970e-13 7.040718 -0.000000 45.797587 6.399e-04
3000 4406.767849 -5.478e-13 7.136094 -0.000000 47.970882 5.564e-04
3100 4413.572636 1.271e-12 7.222873 -0.000000 49.988461 4.861e-04
3200 4419.542856 2.952e-13 7.301832 -0.000000 51.855350 4.264e-04
3300 4424.801571 -8.101e-14 7.373678 -0.000000 53.576572 3.756e-04
3400 4429.449925 1.687e-12 7.439055 -0.000000 55.157313 3.320e-04
3500 4433.571540 1.767e-12 7.498547 -0.000000 56.603032 2.944e-04
3600 4437.236017 -1.700e-13 7.552687 -0.000000 57.919522 2.617e-04
3700 4440.501698 6.887e-13 7.601959 -0.000000 59.112925 2.333e-04
3800 4443.417820 1.873e-16 7.646802 -0.000000 60.189723 2.083e-04
3900 4446.026196 1.861e-12 7.687616 -0.000000 61.156693 1.863e-04
4000 4448.362523 -1.105e-12 7.724765 -0.000000 62.020848 1.669e-04
4100 4450.457420 -1.546e-12 7.758576 -0.000000 62.789361 1.496e-04
4200 4452.337256 -1.550e-12 7.789349 -0.000000 63.469489 1.343e-04
4300 4454.024828 -7.205e-13 7.817354 -0.000000 64.068483 1.205e-04
4400 4455.539925 -1.290e-12 7.842836 -0.000000 64.593506 1.082e-04
4500 4456.899805 -5.907e-14 7.866018 -0.000000 65.051557 9.713e-05
4600 4458.119609 3.644e-13 7.887101 -0.000000 65.449398 8.713e-05
4700 4459.212710 1.791e-12 7.906268 -0.000000 65.793494 7.808e-05
4800 4460.191014 -1.034e-12 7.923685 -0.000000 66.089957 6.988e-05
4900 4461.065215 -3.067e-12 7.939500 -0.000000 66.344509 6.244e-05
5000 4461.845003 2.216e-12 7.953852 -0.000000 66.562451 5.570e-05
5100 4462.539233 -6.356e-14 7.966864 -0.000000 66.748643 4.959e-05
5200 4463.156062 -4.011e-12 7.978650 -0.000000 66.907496 4.406e-05
5300 4463.703040 -4.453e-14 7.989311 -0.000000 67.042972 3.907e-05
5400 4464.187191 1.983e-13 7.998943 -0.000000 67.158589 3.458e-05
5500 4464.615053 -9.305e-13 8.007631 -0.000000 67.257441 3.056e-05
5600 4464.992717 -1.722e-12 8.015454 -0.000000 67.342215 2.698e-05
5700 4465.325839 1.314e-12 8.022484 -0.000000 67.415218 2.379e-05
5800 4465.619653 -1.816e-14 8.028788 -0.000000 67.478407 2.099e-05
5900 4465.878976 -3.797e-12 8.034426 -0.000000 67.533419 1.852e-05
6000 4466.108212 -4.301e-13 8.039455 -0.000000 67.581601 1.637e-05
6100 4466.311355 -8.789e-13 8.043925 -0.000000 67.624047 1.451e-05
6200 4466.491999 8.800e-13 8.047884 -0.000000 67.661631 1.290e-05
6300 4466.653347 8.004e-13 8.051377 -0.000000 67.695034 1.152e-05
6400 4466.798226 2.138e-12 8.054443 -0.000000 67.724778 1.035e-05
6500 4466.929106 -1.205e-12 8.057120 -0.000000 67.751251 9.349e-06
6600 4467.048124 1.050e-12 8.059442 -0.000000 67.774737 8.501e-06
6700 4467.157103 2.139e-12 8.061441 -0.000000 67.795435 7.784e-06
6800 4467.257586 -9.691e-13 8.063145 -0.000000 67.813480 7.177e-06
6900 4467.350857 3.997e-13 8.064582 -0.000000 67.828965 6.662e-06
7000 4467.437977 -1.027e-12 8.065777 -0.000000 67.841950 6.223e-06
7100 4467.519803 -4.194e-13 8.066751 -0.000000 67.852480 5.845e-06
7200 4467.597025 1.550e-12 8.067526 -0.000000 67.860590 5.516e-06
7300 4467.670185 -2.323e-13 8.068122 -0.000000 67.866318 5.226e-06
7400 4467.739703 -1.508e-12 8.068555 -0.000000 67.869709 4.966e-06
7500 4467.805900 1.343e-12 8.068842 -0.000000 67.870818 4.728e-06
7600 4467.869017 -8.987e-13 8.068998 -0.000000 67.869713 4.508e-06
7700 4467.929235 -1.059e-12 8.069035 -0.000000 67.866476 4.301e-06
7800 4467.986686 6.410e-13 8.068967 -0.000000 67.861206 4.104e-06
7900 4468.041468 -2.576e-12 8.068804 -0.000000 67.854012 3.913e-06
8000 4468.093659 -3.207e-13 8.068556 -0.000000 67.845019 3.728e-06
8100 4468.143322 1.235e-12 8.068234 -0.000000 67.834359 3.547e-06
8200 4468.190513 -1.154e-12 8.067845 -0.000000 67.822174 3.371e-06
8300 4468.235287 -3.401e-12 8.067397 -0.000000 67.808612 3.198e-06
8400 4468.277704 -1.797e-12 8.066897 -0.000000 67.793820 3.030e-06
8500 4468.317828 -1.971e-12 8.066351 -0.000000 67.777951 2.866e-06
8600 4468.355730 -1.553e-12 8.065765 -0.000000 67.761151 2.707e-06
8700 4468.391491 -8.682e-13 8.065145 -0.000000 67.743566 2.554e-06
8800 4468.425198 -1.310e-14 8.064494 -0.000000 67.725333 2.408e-06
8900 4468.456949 -5.018e-13 8.063817 -0.000000 67.706585 2.268e-06
9000 4468.486844 7.978e-14 8.063119 -0.000000 67.687444 2.135e-06
9100 4468.514991 -2.159e-12 8.062401 -0.000000 67.668023 2.010e-06
9200 4468.541500 6.726e-14 8.061669 -0.000000 67.648426 1.894e-06
9300 4468.566485 -1.967e-12 8.060923 -0.000000 67.628743 1.785e-06
9400 4468.590057 -2.808e-12 8.060167 -0.000000 67.609058 1.684e-06
9500 4468.612329 -7.625e-13 8.059404 -0.000000 67.589441 1.591e-06
9600 4468.633409 -1.284e-12 8.058634 -0.000000 67.569953 1.506e-06
9700 4468.653401 -3.741e-12 8.057861 -0.000000 67.550646 1.428e-06
9800 4468.672404 -6.521e-13 8.057085 -0.000000 67.531561 1.357e-06
9900 4468.690510 1.402e-13 8.056309 -0.000000 67.512732 1.293e-06
10000 4468.707807 -3.816e-13 8.055533 -0.000000 67.494185 1.235e-06
10100 4468.724371 -2.312e-13 8.054760 -0.000000 67.475939 1.183e-06
10200 4468.740275 -3.273e-13 8.053989 -0.000000 67.458006 1.136e-06
10300 4468.755580 -1.788e-12 8.053222 -0.000000 67.440394 1.093e-06
10400 4468.770343 -5.548e-13 8.052459 -0.000000 67.423107 1.055e-06
10500 4468.784612 -2.301e-12 8.051703 -0.000000 67.406145 1.019e-06
10600 4468.798428 -2.922e-12 8.050952 -0.000000 67.389503 9.868e-07
10700 4468.811826 1.423e-12 8.050209 -0.000000 67.373177 9.570e-07
10800 4468.824833 8.435e-13 8.049472 -0.000000 67.357160 9.291e-07
10900 4468.837474 -9.955e-13 8.048744 -0.000000 67.341443 9.029e-07
11000 4468.849766 -5.183e-13 8.048024 -0.000000 67.326017 8.780e-07
11100 4468.861724 -1.183e-12 8.047312 -0.000000 67.310874 8.542e-07
11200 4468.873359 -9.021e-13 8.046609 -0.000000 67.296003 8.311e-07
11300 4468.884679 -2.161e-13 8.045915 -0.000000 67.281397 8.085e-07
11400 4468.895688 -9.352e-14 8.045231 -0.000000 67.267046 7.864e-07
11500 4468.906392 -1.150e-12 8.044556 -0.000000 67.252942 7.645e-07
11600 4468.916791 7.350e-13 8.043890 -0.000000 67.239078 7.428e-07
11700 4468.926889 -1.135e-12 8.043234 -0.000000 67.225448 7.212e-07
11800 4468.936685 -7.240e-13 8.042588 -0.000000 67.212045 6.997e-07
11900 4468.946180 -8.437e-13 8.041952 -0.000000 67.198864 6.783e-07
12000 4468.955377 -1.361e-12 8.041325 -0.000000 67.185902 6.569e-07
12100 4468.964275 -1.718e-13 8.040708 -0.000000 67.173152 6.356e-07
12200 4468.972876 -1.073e-12 8.040101 -0.000000 67.160614 6.144e-07
12300 4468.981183 -9.543e-13 8.039503 -0.000000 67.148282 5.933e-07
12400 4468.989198 -1.690e-12 8.038915 -0.000000 67.136155 5.725e-07
12500 4468.996924 -2.910e-13 8.038336 -0.000000 67.124230 5.519e-07
12600 4469.004367 -2.789e-13 8.037767 -0.000000 67.112505 5.316e-07
12700 4469.011529 -5.737e-13 8.037207 -0.000000 67.100978 5.116e-07
12800 4469.018417 -8.961e-13 8.036657 -0.000000 67.089648 4.920e-07
12900 4469.025037 -1.466e-12 8.036115 -0.000000 67.078511 4.728e-07
13000 4469.031393 -1.758e-12 8.035582 -0.000000 67.067566 4.540e-07
13100 4469.037494 -6.258e-13 8.035058 -0.000000 67.056811 4.358e-07
13200 4469.043345 -1.924e-12 8.034543 -0.000000 67.046244 4.180e-07
13300 4469.048954 -6.263e-13 8.034037 -0.000000 67.035863 4.007e-07
13400 4469.054329 -2.284e-12 8.033539 -0.000000 67.025665 3.839e-07
13500 4469.059475 -1.523e-12 8.033049 -0.000000 67.015647 3.676e-07
13600 4469.064401 -2.867e-12 8.032567 -0.000000 67.005807 3.518e-07
13700 4469.069113 -3.865e-12 8.032094 -0.000000 66.996142 3.366e-07
13800 4469.073618 -4.634e-13 8.031628 -0.000000 66.986649 3.218e-07
13900 4469.077924 -2.426e-12 8.031170 -0.000000 66.977325 3.076e-07
14000 4469.082037 1.061e-13 8.030719 -0.000000 66.968166 2.938e-07
14100 4469.085963 -1.191e-12 8.030276 -0.000000 66.959170 2.804e-07
14200 4469.089709 -2.711e-12 8.029841 -0.000000 66.950333 2.675e-07
14300 4469.093280 1.151e-12 8.029413 -0.000000 66.941651 2.551e-07
14400 4469.096681 -2.632e-12 8.028991 -0.000000 66.933122 2.430e-07
14500 4469.099919 -1.552e-12 8.028577 -0.000000 66.924741 2.313e-07
14600 4469.102999 -1.814e-12 8.028169 -0.000000 66.916506 2.199e-07
14700 4469.105924 -2.816e-12 8.027769 -0.000000 66.908412 2.090e-07
14800 4469.108700 -1.334e-12 8.027374 -0.000000 66.900457 1.983e-07
14900 4469.111331 -2.476e-12 8.026987 -0.000000 66.892637 1.879e-07
15000 4469.113821 -1.331e-12 8.026605 -0.000000 66.884949 1.779e-07
15100 4469.116175 -1.831e-12 8.026230 -0.000000 66.877390 1.681e-07
15200 4469.118395 -1.230e-12 8.025861 -0.000000 66.869957 1.586e-07
15300 4469.120486 -2.098e-12 8.025498 -0.000000 66.862647 1.494e-07
15400 4469.122452 -3.746e-12 8.025140 -0.000000 66.855457 1.404e-07
15500 4469.124295 -6.620e-13 8.024789 -0.000000 66.848384 1.316e-07
15600 4469.126018 -5.680e-13 8.024443 -0.000000 66.841426 1.231e-07
15700 4469.127626 -4.682e-13 8.024103 -0.000000 66.834580 1.148e-07
15800 4469.129121 -6.390e-13 8.023768 -0.000000 66.827843 1.068e-07
15900 4469.130507 -8.732e-13 8.023439 -0.000000 66.821214 9.896e-08
16000 4469.131786 -8.034e-13 8.023114 -0.000000 66.814690 9.135e-08
16100 4469.132961 -4.895e-13 8.022795 -0.000000 66.808268 8.395e-08
16200 4469.134036 -1.814e-12 8.022481 -0.000000 66.801947 7.676e-08
16300 4469.135013 -6.630e-14 8.022172 -0.000000 66.795725 6.979e-08
16400 4469.135895 -2.702e-12 8.021868 -0.000000 66.789599 6.302e-08
16500 4469.136685 -1.309e-12 8.021569 -0.000000 66.783569 5.646e-08
16600 4469.137387 -1.935e-12 8.021274 -0.000000 66.777631 5.010e-08
16700 4469.138002 -1.505e-12 8.020984 -0.000000 66.771784 4.394e-08
16800 4469.138534 -4.468e-12 8.020698 -0.000000 66.766027 3.799e-08
16900 4469.138985 -8.248e-13 8.020417 -0.000000 66.760358 3.223e-08
17000 4469.139358 -3.723e-12 8.020141 -0.000000 66.754775 2.667e-08
17100 4469.139657 -2.587e-12 8.019868 -0.000000 66.749277 2.130e-08
17200 4469.139882 -2.133e-12 8.019600 -0.000000 66.743862 1.613e-08
17300 4469.140038 -1.883e-12 8.019336 -0.000000 66.738529 1.114e-08
17400 4469.140127 -9.809e-13 8.019076 -0.000000 66.733276 6.338e-09
17500 4469.140151 -2.662e-12 8.018820 -0.000000 66.728102 1.717e-09
17600 4469.140113 -1.041e-13 8.018568 -0.000000 66.723005 2.725e-09
17700 4469.140015 -1.825e-12 8.018320 -0.000000 66.717985 6.991e-09
17800 4469.139860 -7.280e-13 8.018076 -0.000000 66.713040 1.109e-08
17900 4469.139650 -2.165e-12 8.017835 -0.000000 66.708168 1.501e-08
18000 4469.139387 -1.193e-12 8.017598 -0.000000 66.703368 1.878e-08
18100 4469.139074 -2.619e-12 8.017364 -0.000000 66.698640 2.238e-08
18200 4469.138712 -2.184e-12 8.017135 -0.000000 66.693981 2.583e-08
18300 4469.138304 -2.422e-12 8.016908 -0.000000 66.689391 2.912e-08
18400 4469.137852 -2.811e-12 8.016685 -0.000000 66.684869 3.227e-08
18500 4469.137359 -1.065e-12 8.016466 -0.000000 66.680414 3.528e-08
18600 4469.136825 -2.329e-12 8.016249 -0.000000 66.676023 3.814e-08
18700 4469.136252 1.355e-12 8.016036 -0.000000 66.671697 4.087e-08
18800 4469.135644 -2.753e-13 8.015826 -0.000000 66.667435 4.347e-08
18900 4469.135001 -1.617e-13 8.015619 -0.000000 66.663234 4.594e-08
19000 4469.134325 -3.627e-12 8.015416 -0.000000 66.659095 4.828e-08
19100 4469.133618 -2.140e-12 8.015215 -0.000000 66.655016 5.051e-08
19200 4469.132881 -2.879e-12 8.015018 -0.000000 66.650996 5.262e-08
19300 4469.132116 7.371e-13 8.014823 -0.000000 66.647035 5.462e-08
19400 4469.131325 -2.190e-12 8.014631 -0.000000 66.643131 5.651e-08
19500 4469.130509 -8.434e-14 8.014442 -0.000000 66.639283 5.830e-08
19600 4469.129669 -1.958e-13 8.014256 -0.000000 66.635491 5.998e-08
19700 4469.128807 -9.311e-13 8.014072 -0.000000 66.631754 6.157e-08
19800 4469.127924 -3.267e-12 8.013892 -0.000000 66.628071 6.306e-08
19900 4469.127022 -2.358e-12 8.013714 -0.000000 66.624440 6.445e-08
20000 4469.126101 -5.250e-13 8.013538 -0.000000 66.620862 6.576e-08
20100 4469.125163 -1.770e-12 8.013365 -0.000000 66.617336 6.699e-08
20200 4469.124210 -1.645e-12 8.013195 -0.000000 66.613860 6.813e-08
20300 4469.123241 -2.873e-12 8.013027 -0.000000 66.610434 6.919e-08
20400 4469.122258 -3.213e-12 8.012862 -0.000000 66.607057 7.018e-08
20500 4469.121263 -2.332e-12 8.012699 -0.000000 66.603729 7.109e-08
20600 4469.120256 -5.664e-13 8.012538 -0.000000 66.600448 7.193e-08
20700 4469.119238 -2.033e-12 8.012380 -0.000000 66.597214 7.271e-08
20800 4469.118210 -8.542e-13 8.012224 -0.000000 66.594026 7.341e-08
20900 4469.117174 -1.706e-12 8.012070 -0.000000 66.590884 7.406e-08
21000 4469.116129 -5.544e-13 8.011919 -0.000000 66.587787 7.464e-08
21100 4469.115076 -1.299e-12 8.011769 -0.000000 66.584734 7.516e-08
21200 4469.114018 -2.772e-12 8.011622 -0.000000 66.581725 7.563e-08
21300 4469.112953 -1.580e-12 8.011477 -0.000000 66.578759 7.604e-08
21400 4469.111883 -2.546e-12 8.011334 -0.000000 66.575834 7.640e-08
21500 4469.110809 -5.082e-12 8.011193 -0.000000 66.572952 7.671e-08
21600 4469.109732 -1.802e-12 8.011055 -0.000000 66.570111 7.698e-08
21700 4469.108651 -2.373e-12 8.010918 -0.000000 66.567310 7.720e-08
21800 4469.107568 -1.013e-12 8.010783 -0.000000 66.564549 7.737e-08
21900 4469.106483 3.811e-13 8.010650 -0.000000 66.561827 7.750e-08
22000 4469.105396 -3.166e-12 8.010519 -0.000000 66.559144 7.760e-08
22100 4469.104309 -2.810e-12 8.010390 -0.000000 66.556499 7.765e-08
22200 4469.103222 -1.331e-12 8.010263 -0.000000 66.553891 7.767e-08
22300 4469.102135 1.614e-12 8.010137 -0.000000 66.551321 7.765e-08
22400 4469.101048 -2.751e-12 8.010014 -0.000000 66.548787 7.760e-08
22500 4469.099963 -3.877e-12 8.009892 -0.000000 66.546289 7.752e-08
22600 4469.098879 -1.435e-12 8.009771 -0.000000 66.543827 7.741e-08
22700 4469.097798 -3.213e-12 8.009653 -0.000000 66.541399 7.727e-08
22800 4469.096718 -9.591e-13 8.009536 -0.000000 66.539006 7.710e-08
22900 4469.095642 -1.246e-12 8.009421 -0.000000 66.536646 7.691e-08
23000 4469.094568 -5.608e-12 8.009308 -0.000000 66.534321 7.669e-08
23100 4469.093498 -1.435e-12 8.009196 -0.000000 66.532028 7.645e-08
23200 4469.092431 -1.598e-12 8.009085 -0.000000 66.529767 7.619e-08
23300 4469.091368 -1.079e-12 8.008977 -0.000000 66.527539 7.590e-08
23400 4469.090310 -5.690e-13 8.008870 -0.000000 66.525341 7.560e-08
23500 4469.089256 -4.125e-12 8.008764 -0.000000 66.523175 7.528e-08
23600 4469.088207 1.586e-13 8.008660 -0.000000 66.521040 7.494e-08
23700 4469.087163 -1.551e-12 8.008557 -0.000000 66.518935 7.458e-08
23800 4469.086124 -3.055e-12 8.008456 -0.000000 66.516859 7.421e-08
23900 4469.085090 -1.540e-12 8.008356 -0.000000 66.514813 7.382e-08
24000 4469.084062 -2.804e-12 8.008258 -0.000000 66.512796 7.342e-08
24100 4469.083040 -1.771e-12 8.008160 -0.000000 66.510807 7.301e-08
24200 4469.082024 -1.920e-12 8.008065 -0.000000 66.508846 7.259e-08
24300 4469.081014 -1.748e-12 8.007970 -0.000000 66.506912 7.215e-08
24400 4469.080010 1.363e-13 8.007877 -0.000000 66.505006 7.170e-08
24500 4469.079013 -3.387e-12 8.007786 -0.000000 66.503127 7.124e-08
24600 4469.078022 -1.751e-12 8.007695 -0.000000 66.501274 7.078e-08
24700 4469.077037 -2.150e-12 8.007606 -0.000000 66.499448 7.030e-08
24800 4469.076060 -1.554e-13 8.007518 -0.000000 66.497647 6.982e-08
24900 4469.075089 -3.080e-12 8.007432 -0.000000 66.495871 6.933e-08
25000 4469.074126 -3.329e-12 8.007346 -0.000000 66.494120 6.883e-08
25100 4469.073169 5.417e-13 8.007262 -0.000000 66.492394 6.833e-08
25200 4469.072220 -2.797e-12 8.007179 -0.000000 66.490692 6.782e-08
25300 4469.071278 -3.287e-12 8.007097 -0.000000 66.489014 6.730e-08
25400 4469.070343 -4.364e-13 8.007016 -0.000000 66.487359 6.678e-08
25500 4469.069415 -3.599e-12 8.006937 -0.000000 66.485728 6.626e-08
25600 4469.068495 -2.605e-12 8.006858 -0.000000 66.484119 6.573e-08
25700 4469.067582 -1.019e-12 8.006781 -0.000000 66.482533 6.520e-08
25800 4469.066677 -5.911e-12 8.006704 -0.000000 66.480969 6.466e-08
25900 4469.065779 -2.260e-12 8.006629 -0.000000 66.479427 6.413e-08
26000 4469.064889 -2.772e-12 8.006555 -0.000000 66.477907 6.359e-08
26100 4469.064006 -2.094e-12 8.006481 -0.000000 66.476408 6.305e-08
26200 4469.063131 -2.725e-12 8.006409 -0.000000 66.474930 6.251e-08
26300 4469.062264 -7.136e-13 8.006338 -0.000000 66.473472 6.196e-08
26400 4469.061404 -2.321e-12 8.006268 -0.000000 66.472035 6.142e-08
26500 4469.060552 -1.387e-12 8.006198 -0.000000 66.470618 6.087e-08
26600 4469.059707 -2.362e-12 8.006130 -0.000000 66.469221 6.033e-08
26700 4469.058870 -2.736e-12 8.006063 -0.000000 66.467843 5.978e-08
26800 4469.058041 -1.967e-12 8.005996 -0.000000 66.466484 5.923e-08
26900 4469.057219 -1.513e-13 8.005931 -0.000000 66.465145 5.869e-08
27000 4469.056405 -3.350e-12 8.005866 -0.000000 66.463823 5.814e-08
27100 4469.055599 -3.289e-12 8.005802 -0.000000 66.462521 5.760e-08
27200 4469.054800 -9.884e-13 8.005740 -0.000000 66.461236 5.706e-08
27300 4469.054009 -3.018e-12 8.005678 -0.000000 66.459970 5.651e-08
27400 4469.053225 -1.337e-12 8.005616 -0.000000 66.458720 5.597e-08
27500 4469.052449 -1.898e-12 8.005556 -0.000000 66.457489 5.543e-08
27600 4469.051681 -2.978e-12 8.005497 -0.000000 66.456274 5.490e-08
27700 4469.050919 -5.808e-13 8.005438 -0.000000 66.455076 5.436e-08
27800 4469.050166 -3.839e-12 8.005380 -0.000000 66.453895 5.383e-08
27900 4469.049420 -4.587e-12 8.005323 -0.000000 66.452730 5.330e-08
28000 4469.048681 -1.923e-12 8.005267 -0.000000 66.451582 5.277e-08
28100 4469.047950 -2.493e-12 8.005212 -0.000000 66.450449 5.224e-08
28200 4469.047226 -3.936e-12 8.005157 -0.000000 66.449332 5.172e-08
28300 4469.046509 -3.244e-12 8.005103 -0.000000 66.448230 5.119e-08
28400 4469.045799 -3.034e-12 8.005050 -0.000000 66.447144 5.067e-08
28500 4469.045097 -2.212e-12 8.004997 -0.000000 66.446073 5.016e-08
28600 4469.044402 -4.257e-12 8.004945 -0.000000 66.445016 4.965e-08
28700 4469.043714 -2.402e-12 8.004894 -0.000000 66.443974 4.913e-08
28800 4469.043034 -2.276e-12 8.004844 -0.000000 66.442947 4.863e-08
28900 4469.042360 -2.719e-13 8.004794 -0.000000 66.441933 4.812e-08
29000 4469.041693 -1.682e-12 8.004745 -0.000000 66.440934 4.762e-08
29100 4469.041033 -1.845e-12 8.004697 -0.000000 66.439948 4.712e-08
29200 4469.040381 -4.852e-12 8.004649 -0.000000 66.438976 4.663e-08
29300 4469.039735 -2.741e-12 8.004602 -0.000000 66.438018 4.614e-08
29400 4469.039096 -1.659e-12 8.004556 -0.000000 66.437072 4.565e-08
29500 4469.038463 -1.321e-12 8.004510 -0.000000 66.436140 4.517e-08
29600 4469.037838 -9.603e-13 8.004465 -0.000000 66.435220 4.469e-08
29700 4469.037219 -2.964e-12 8.004420 -0.000000 66.434313 4.421e-08
29800 4469.036606 -4.587e-12 8.004377 -0.000000 66.433419 4.373e-08
29900 4469.036001 -1.820e-12 8.004333 -0.000000 66.432537 4.326e-08
30000 4469.035401 -2.574e-12 8.004290 -0.000000 66.431666 4.280e-08
30100 4469.034809 -1.402e-12 8.004248 -0.000000 66.430808 4.234e-08
30200 4469.034223 -2.582e-12 8.004207 -0.000000 66.429962 4.188e-08
30300 4469.033643 -3.415e-12 8.004166 -0.000000 66.429127 4.142e-08
30400 4469.033069 -1.234e-12 8.004125 -0.000000 66.428304 4.097e-08
30500 4469.032502 -4.198e-12 8.004085 -0.000000 66.427492 4.052e-08
30600 4469.031941 -3.825e-12 8.004046 -0.000000 66.426691 4.008e-08
30700 4469.031386 -2.971e-12 8.004007 -0.000000 66.425901 3.964e-08
30800 4469.030837 -2.917e-12 8.003969 -0.000000 66.425121 3.920e-08
30900 4469.030294 -1.459e-12 8.003931 -0.000000 66.424353 3.877e-08
31000 4469.029757 -3.664e-12 8.003894 -0.000000 66.423595 3.834e-08
31100 4469.029227 -3.220e-12 8.003857 -0.000000 66.422847 3.791e-08
31200 4469.028702 -2.608e-12 8.003821 -0.000000 66.422110 3.749e-08
31300 4469.028183 -3.949e-12 8.003785 -0.000000 66.421382 3.707e-08
31400 4469.027670 -2.131e-12 8.003750 -0.000000 66.420665 3.666e-08
31500 4469.027162 -2.245e-12 8.003715 -0.000000 66.419957 3.625e-08
31600 4469.026660 -3.078e-12 8.003681 -0.000000 66.419259 3.584e-08
31700 4469.026164 -2.079e-12 8.003647 -0.000000 66.418570 3.544e-08
31800 4469.025673 3.645e-13 8.003613 -0.000000 66.417891 3.504e-08
31900 4469.025188 -1.670e-12 8.003581 -0.000000 66.417221 3.465e-08
32000 4469.024709 -4.149e-12 8.003548 -0.000000 66.416560 3.426e-08
32100 4469.024235 -3.290e-12 8.003516 -0.000000 66.415908 3.387e-08
32200 4469.023766 -4.108e-12 8.003484 -0.000000 66.415265 3.348e-08
32300 4469.023302 -2.379e-12 8.003453 -0.000000 66.414631 3.310e-08
32400 4469.022844 -3.111e-12 8.003422 -0.000000 66.414006 3.273e-08
32500 4469.022391 -3.403e-12 8.003392 -0.000000 66.413388 3.235e-08
32600 4469.021944 -3.489e-12 8.003362 -0.000000 66.412780 3.199e-08
32700 4469.021501 -2.228e-12 8.003332 -0.000000 66.412179 3.162e-08
32800 4469.021063 -6.100e-12 8.003303 -0.000000 66.411587 3.126e-08
32900 4469.020631 -3.810e-12 8.003274 -0.000000 66.411002 3.090e-08
33000 4469.020203 -3.533e-12 8.003246 -0.000000 66.410426 3.054e-08
33100 4469.019780 -5.312e-13 8.003218 -0.000000 66.409857 3.019e-08
33200 4469.019363 -4.927e-12 8.003190 -0.000000 66.409296 2.985e-08
33300 4469.018949 -2.530e-12 8.003163 -0.000000 66.408743 2.950e-08
33400 4469.018541 -5.559e-12 8.003136 -0.000000 66.408197 2.916e-08
33500 4469.018138 -3.785e-12 8.003110 -0.000000 66.407658 2.882e-08
33600 4469.017739 -4.131e-12 8.003083 -0.000000 66.407127 2.849e-08
33700 4469.017345 -4.138e-12 8.003058 -0.000000 66.406603 2.816e-08
33800 4469.016955 -4.130e-12 8.003032 -0.000000 66.406086 2.783e-08
33900 4469.016570 -7.309e-13 8.003007 -0.000000 66.405576 2.751e-08
34000 4469.016189 -3.366e-12 8.002982 -0.000000 66.405073 2.719e-08
34100 4469.015813 -4.730e-12 8.002958 -0.000000 66.404577 2.687e-08
34200 4469.015441 -2.800e-12 8.002934 -0.000000 66.404087 2.656e-08
34300 4469.015074 -4.577e-12 8.002910 -0.000000 66.403604 2.625e-08
34400 4469.014710 -3.119e-12 8.002886 -0.000000 66.403127 2.594e-08
34500 4469.014351 -3.091e-12 8.002863 -0.000000 66.402657 2.564e-08
34600 4469.013997 -7.686e-13 8.002840 -0.000000 66.402193 2.534e-08
34700 4469.013646 -1.328e-12 8.002818 -0.000000 66.401736 2.504e-08
34800 4469.013300 -3.457e-12 8.002795 -0.000000 66.401284 2.475e-08
34900 4469.012957 -3.788e-12 8.002773 -0.000000 66.400839 2.446e-08
35000 4469.012619 -2.390e-12 8.002752 -0.000000 66.400400 2.417e-08
35100 4469.012284 -3.670e-12 8.002730 -0.000000 66.399966 2.389e-08
35200 4469.011954 -6.171e-12 8.002709 -0.000000 66.399538 2.360e-08
35300 4469.011627 -2.832e-12 8.002688 -0.000000 66.399116 2.333e-08
35400 4469.011305 -3.452e-12 8.002668 -0.000000 66.398700 2.305e-08
35500 4469.010986 -2.267e-12 8.002648 -0.000000 66.398290 2.278e-08
35600 4469.010671 -1.881e-12 8.002628 -0.000000 66.397884 2.251e-08
35700 4469.010359 -2.143e-12 8.002608 -0.000000 66.397485 2.224e-08
35800 4469.010052 -1.521e-12 8.002588 -0.000000 66.397090 2.198e-08
35900 4469.009748 -2.612e-12 8.002569 -0.000000 66.396701 2.172e-08
36000 4469.009447 -2.908e-12 8.002550 -0.000000 66.396317 2.146e-08
36100 4469.009150 -2.041e-12 8.002532 -0.000000 66.395939 2.120e-08
36200 4469.008857 -4.148e-12 8.002513 -0.000000 66.395565 2.095e-08
36300 4469.008567 -2.226e-12 8.002495 -0.000000 66.395196 2.070e-08
36400 4469.008281 -2.936e-12 8.002477 -0.000000 66.394832 2.046e-08
36500 4469.007998 -1.983e-12 8.002459 -0.000000 66.394473 2.021e-08
36600 4469.007718 -3.326e-12 8.002442 -0.000000 66.394119 1.997e-08
36700 4469.007442 -2.192e-12 8.002424 -0.000000 66.393770 1.973e-08
36800 4469.007169 -2.974e-12 8.002407 -0.000000 66.393425 1.950e-08
36900 4469.006899 -2.553e-12 8.002391 -0.000000 66.393085 1.926e-08
37000 4469.006633 -4.477e-12 8.002374 -0.000000 66.392750 1.903e-08
37100 4469.006369 -4.567e-12 8.002358 -0.000000 66.392419 1.881e-08
37200 4469.006109 -2.222e-12 8.002342 -0.000000 66.392092 1.858e-08
37300 4469.005852 -3.730e-12 8.002326 -0.000000 66.391770 1.836e-08
37400 4469.005598 -3.721e-12 8.002310 -0.000000 66.391452 1.814e-08
37500 4469.005348 -2.890e-12 8.002294 -0.000000 66.391138 1.792e-08
37600 4469.005100 -3.076e-12 8.002279 -0.000000 66.390828 1.770e-08
37700 4469.004855 -3.646e-12 8.002264 -0.000000 66.390523 1.749e-08
37800 4469.004613 -4.402e-12 8.002249 -0.000000 66.390221 1.728e-08
37900 4469.004374 -3.391e-12 8.002234 -0.000000 66.389924 1.707e-08
38000 4469.004138 -3.693e-12 8.002220 -0.000000 66.389630 1.687e-08
38100 4469.003904 -1.936e-12 8.002206 -0.000000 66.389341 1.666e-08
38200 4469.003674 -1.756e-12 8.002192 -0.000000 66.389055 1.646e-08
38300 4469.003446 -3.018e-12 8.002178 -0.000000 66.388773 1.626e-08
38400 4469.003221 -4.354e-12 8.002164 -0.000000 66.388495 1.607e-08
38500 4469.002999 -3.951e-12 8.002150 -0.000000 66.388221 1.587e-08
38600 4469.002780 -6.373e-12 8.002137 -0.000000 66.387950 1.568e-08
38700 4469.002563 -3.804e-12 8.002124 -0.000000 66.387683 1.549e-08
38800 4469.002348 -3.844e-12 8.002111 -0.000000 66.387419 1.530e-08
38900 4469.002137 -2.235e-12 8.002098 -0.000000 66.387159 1.512e-08
39000 4469.001928 -3.051e-12 8.002085 -0.000000 66.386902 1.493e-08
39100 4469.001721 -3.286e-12 8.002073 -0.000000 66.386649 1.475e-08
39200 4469.001517 -5.695e-12 8.002060 -0.000000 66.386399 1.457e-08
39300 4469.001316 -4.120e-12 8.002048 -0.000000 66.386152 1.440e-08
39400 4469.001116 -4.310e-12 8.002036 -0.000000 66.385909 1.422e-08
39500 4469.000920 -3.007e-12 8.002024 -0.000000 66.385669 1.405e-08
39600 4469.000725 -2.782e-12 8.002012 -0.000000 66.385432 1.388e-08
39700 4469.000534 -3.792e-12 8.002001 -0.000000 66.385198 1.371e-08
39800 4469.000344 -3.317e-12 8.001989 -0.000000 66.384967 1.354e-08
39900 4469.000157 -4.246e-12 8.001978 -0.000000 66.384739 1.338e-08
40000 4468.999972 -3.151e-12 8.001967 -0.000000 66.384515 1.321e-08
40100 4468.999789 -1.323e-12 8.001956 -0.000000 66.384293 1.305e-08
40200 4468.999608 -2.442e-12 8.001945 -0.000000 66.384074 1.289e-08
40300 4468.999430 -1.474e-12 8.001935 -0.000000 66.383858 1.274e-08
40400 4468.999254 -3.188e-12 8.001924 -0.000000 66.383645 1.258e-08
40500 4468.999080 -1.899e-12 8.001914 -0.000000 66.383435 1.243e-08
40600 4468.998908 -3.257e-12 8.001903 -0.000000 66.383228 1.228e-08
40700 4468.998738 -3.082e-12 8.001893 -0.000000 66.383023 1.213e-08
40800 4468.998571 -2.059e-12 8.001883 -0.000000 66.382821 1.198e-08
40900 4468.998405 -4.165e-12 8.001873 -0.000000 66.382622 1.183e-08
41000 4468.998241 -1.619e-12 8.001864 -0.000000 66.382425 1.169e-08
41100 4468.998080 -3.109e-12 8.001854 -0.000000 66.382231 1.154e-08
41200 4468.997920 -4.795e-12 8.001845 -0.000000 66.382039 1.140e-08
41300 4468.997763 -2.912e-12 8.001835 -0.000000 66.381850 1.126e-08
41400 4468.997607 -4.104e-12 8.001826 -0.000000 66.381664 1.112e-08
41500 4468.997453 -1.010e-12 8.001817 -0.000000 66.381480 1.099e-08
41600 4468.997301 -3.767e-12 8.001808 -0.000000 66.381298 1.085e-08
41700 4468.997151 -2.848e-12 8.001799 -0.000000 66.381119 1.072e-08
41800 4468.997003 -2.912e-12 8.001790 -0.000000 66.380942 1.059e-08
41900 4468.996856 1.206e-13 8.001782 -0.000000 66.380768 1.046e-08
42000 4468.996712 -1.169e-12 8.001773 -0.000000 66.380595 1.033e-08
42100 4468.996569 -3.424e-12 8.001765 -0.000000 66.380426 1.020e-08
42200 4468.996428 -3.888e-12 8.001756 -0.000000 66.380258 1.008e-08
42300 4468.996289 -3.780e-12 8.001748 -0.000000 66.380092 9.951e-09
42400 4468.996151 -2.947e-12 8.001740 -0.000000 66.379929 9.828e-09
42500 4468.996015 -2.607e-12 8.001732 -0.000000 66.379768 9.707e-09
42600 4468.995881 -2.114e-12 8.001724 -0.000000 66.379609 9.588e-09
42700 4468.995748 -2.670e-12 8.001716 -0.000000 66.379452 9.469e-09
42800 4468.995617 -2.093e-12 8.001709 -0.000000 66.379297 9.353e-09
42900 4468.995488 -3.217e-12 8.001701 -0.000000 66.379144 9.237e-09
43000 4468.995360 -3.929e-12 8.001694 -0.000000 66.378993 9.123e-09
43100 4468.995234 -3.284e-12 8.001686 -0.000000 66.378844 9.010e-09
43200 4468.995110 -1.836e-12 8.001679 -0.000000 66.378697 8.899e-09
43300 4468.994987 -1.400e-12 8.001672 -0.000000 66.378552 8.789e-09
43400 4468.994865 -2.367e-12 8.001665 -0.000000 66.378409 8.680e-09
43500 4468.994745 -2.070e-12 8.001658 -0.000000 66.378268 8.573e-09
43600 4468.994627 -3.123e-12 8.001651 -0.000000 66.378129 8.467e-09
43700 4468.994509 -1.661e-12 8.001644 -0.000000 66.377991 8.362e-09
43800 4468.994394 -2.499e-12 8.001637 -0.000000 66.377855 8.259e-09
43900 4468.994280 -2.822e-12 8.001631 -0.000000 66.377721 8.156e-09
44000 4468.994167 -3.673e-12 8.001624 -0.000000 66.377589 8.055e-09
44100 4468.994056 -3.973e-12 8.001618 -0.000000 66.377459 7.956e-09
44200 4468.993946 -1.895e-12 8.001611 -0.000000 66.377330 7.857e-09
44300 4468.993837 -2.911e-12 8.001605 -0.000000 66.377203 7.760e-09
44400 4468.993730 -3.639e-12 8.001599 -0.000000 66.377078 7.663e-09
44500 4468.993624 -1.510e-12 8.001593 -0.000000 66.376954 7.568e-09
44600 4468.993519 -2.467e-12 8.001587 -0.000000 66.376832 7.474e-09
44700 4468.993416 -5.616e-13 8.001581 -0.000000 66.376711 7.382e-09
44800 4468.993314 -2.211e-12 8.001575 -0.000000 66.376592 7.290e-09
44900 4468.993213 -3.792e-12 8.001569 -0.000000 66.376475 7.199e-09
45000 4468.993113 -2.131e-12 8.001563 -0.000000 66.376359 7.110e-09
45100 4468.993015 -2.558e-12 8.001558 -0.000000 66.376245 7.022e-09
45200 4468.992918 -4.536e-12 8.001552 -0.000000 66.376132 6.934e-09
45300 4468.992822 -2.241e-12 8.001546 -0.000000 66.376020 6.848e-09
45400 4468.992727 -4.998e-12 8.001541 -0.000000 66.375911 6.763e-09
45500 4468.992634 -4.094e-12 8.001536 -0.000000 66.375802 6.679e-09
45600 4468.992541 -2.726e-12 8.001530 -0.000000 66.375695 6.596e-09
45700 4468.992450 -2.558e-12 8.001525 -0.000000 66.375589 6.513e-09
45800 4468.992360 -4.647e-12 8.001520 -0.000000 66.375485 6.432e-09
45900 4468.992271 -3.688e-12 8.001515 -0.000000 66.375382 6.352e-09
46000 4468.992183 -4.426e-12 8.001510 -0.000000 66.375281 6.273e-09
46100 4468.992097 -1.317e-12 8.001505 -0.000000 66.375181 6.195e-09
46200 4468.992011 -2.442e-12 8.001500 -0.000000 66.375082 6.118e-09
46300 4468.991927 -4.250e-12 8.001495 -0.000000 66.374984 6.042e-09
46400 4468.991843 -1.452e-12 8.001490 -0.000000 66.374888 5.966e-09
46500 4468.991761 -3.193e-12 8.001486 -0.000000 66.374793 5.892e-09
46600 4468.991679 -2.855e-12 8.001481 -0.000000 66.374699 5.818e-09
46700 4468.991599 -4.038e-12 8.001476 -0.000000 66.374606 5.746e-09
46800 4468.991519 -2.796e-12 8.001472 -0.000000 66.374515 5.674e-09
46900 4468.991441 -2.950e-12 8.001467 -0.000000 66.374425 5.603e-09
47000 4468.991363 -3.623e-12 8.001463 -0.000000 66.374336 5.533e-09
47100 4468.991287 -2.963e-12 8.001459 -0.000000 66.374248 5.464e-09
47200 4468.991211 -5.679e-13 8.001454 -0.000000 66.374161 5.396e-09
47300 4468.991137 -5.277e-12 8.001450 -0.000000 66.374075 5.328e-09
47400 4468.991063 -1.629e-12 8.001446 -0.000000 66.373991 5.262e-09
47500 4468.990990 -3.715e-12 8.001442 -0.000000 66.373907 5.196e-09
47600 4468.990918 -5.048e-12 8.001438 -0.000000 66.373825 5.131e-09
47700 4468.990847 -1.381e-12 8.001434 -0.000000 66.373744 5.067e-09
47800 4468.990777 -2.574e-12 8.001430 -0.000000 66.373664 5.004e-09
47900 4468.990708 -5.452e-12 8.001426 -0.000000 66.373585 4.941e-09
48000 4468.990640 -3.486e-12 8.001422 -0.000000 66.373507 4.879e-09
48100 4468.990572 -3.382e-12 8.001418 -0.000000 66.373430 4.818e-09
48200 4468.990506 -2.094e-12 8.001414 -0.000000 66.373354 4.758e-09
48300 4468.990440 -5.550e-12 8.001410 -0.000000 66.373279 4.698e-09
48400 4468.990375 -4.307e-12 8.001407 -0.000000 66.373204 4.639e-09
48500 4468.990311 -3.720e-12 8.001403 -0.000000 66.373131 4.581e-09
48600 4468.990248 -4.027e-12 8.001400 -0.000000 66.373059 4.524e-09
48700 4468.990185 -4.316e-12 8.001396 -0.000000 66.372988 4.467e-09
48800 4468.990123 -3.159e-12 8.001393 -0.000000 66.372918 4.411e-09
48900 4468.990062 -3.321e-12 8.001389 -0.000000 66.372848 4.356e-09
49000 4468.990002 -4.645e-12 8.001386 -0.000000 66.372780 4.301e-09
49100 4468.989943 -3.621e-12 8.001382 -0.000000 66.372712 4.247e-09
49200 4468.989884 -3.860e-12 8.001379 -0.000000 66.372645 4.194e-09
49300 4468.989826 -3.089e-12 8.001376 -0.000000 66.372580 4.142e-09
49400 4468.989769 -5.287e-12 8.001373 -0.000000 66.372515 4.090e-09
49500 4468.989712 -4.049e-12 8.001369 -0.000000 66.372451 4.038e-09
49600 4468.989656 -4.226e-12 8.001366 -0.000000 66.372387 3.988e-09
49700 4468.989601 -3.521e-12 8.001363 -0.000000 66.372325 3.938e-09
49800 4468.989547 -2.001e-12 8.001360 -0.000000 66.372263 3.888e-09
49900 4468.989493 -2.962e-12 8.001357 -0.000000 66.372202 3.839e-09
50000 4468.989440 -1.439e-12 8.001354 -0.000000 66.372142 3.791e-09
50100 4468.989388 -2.571e-12 8.001351 -0.000000 66.372083 3.744e-09
50200 4468.989336 -4.353e-12 8.001348 -0.000000 66.372024 3.697e-09
50300 4468.989285 -3.339e-12 8.001345 -0.000000 66.371967 3.650e-09
50400 4468.989234 -3.173e-12 8.001343 -0.000000 66.371910 3.604e-09
50500 4468.989184 -3.360e-12 8.001340 -0.000000 66.371853 3.559e-09
50600 4468.989135 -3.141e-12 8.001337 -0.000000 66.371798 3.514e-09
50700 4468.989087 -4.086e-12 8.001334 -0.000000 66.371743 3.470e-09
50800 4468.989039 -1.811e-12 8.001332 -0.000000 66.371689 3.426e-09
50900 4468.988991 -4.074e-12 8.001329 -0.000000 66.371636 3.383e-09
51000 4468.988945 -2.143e-12 8.001326 -0.000000 66.371583 3.341e-09
51100 4468.988898 -2.651e-12 8.001324 -0.000000 66.371531 3.299e-09
51200 4468.988853 -3.511e-12 8.001321 -0.000000 66.371479 3.257e-09
51300 4468.988808 -5.437e-12 8.001319 -0.000000 66.371429 3.216e-09
51400 4468.988763 -2.408e-12 8.001316 -0.000000 66.371379 3.176e-09
51500 4468.988719 -5.137e-12 8.001314 -0.000000 66.371329 3.136e-09
51600 4468.988676 -2.392e-12 8.001311 -0.000000 66.371281 3.096e-09
51700 4468.988633 -4.981e-12 8.001309 -0.000000 66.371233 3.057e-09
51800 4468.988591 -5.129e-12 8.001307 -0.000000 66.371185 3.019e-09
51900 4468.988549 -5.127e-12 8.001304 -0.000000 66.371138 2.981e-09
52000 4468.988508 -3.540e-12 8.001302 -0.000000 66.371092 2.943e-09
52100 4468.988467 -1.870e-12 8.001300 -0.000000 66.371046 2.906e-09
52200 4468.988427 -2.460e-12 8.001297 -0.000000 66.371001 2.870e-09
52300 4468.988387 -4.456e-12 8.001295 -0.000000 66.370957 2.834e-09
52400 4468.988348 -2.537e-12 8.001293 -0.000000 66.370913 2.798e-09
52500 4468.988310 -3.043e-12 8.001291 -0.000000 66.370870 2.763e-09
52600 4468.988271 -3.901e-12 8.001289 -0.000000 66.370827 2.728e-09
52700 4468.988234 -2.615e-12 8.001287 -0.000000 66.370785 2.694e-09
52800 4468.988197 -4.525e-12 8.001285 -0.000000 66.370743 2.660e-09
52900 4468.988160 -3.406e-12 8.001283 -0.000000 66.370702 2.626e-09
53000 4468.988123 -4.701e-12 8.001281 -0.000000 66.370661 2.593e-09
53100 4468.988088 -2.594e-12 8.001279 -0.000000 66.370621 2.560e-09
53200 4468.988052 -4.408e-12 8.001277 -0.000000 66.370582 2.528e-09
53300 4468.988017 -2.130e-12 8.001275 -0.000000 66.370543 2.496e-09
53400 4468.987983 -2.995e-12 8.001273 -0.000000 66.370504 2.465e-09
53500 4468.987949 -5.095e-12 8.001271 -0.000000 66.370466 2.434e-09
53600 4468.987915 -4.920e-12 8.001269 -0.000000 66.370429 2.403e-09
53700 4468.987882 -2.940e-12 8.001267 -0.000000 66.370392 2.373e-09
53800 4468.987849 -4.641e-12 8.001265 -0.000000 66.370355 2.343e-09
53900 4468.987817 -3.782e-12 8.001264 -0.000000 66.370319 2.313e-09
54000 4468.987785 -3.831e-12 8.001262 -0.000000 66.370283 2.284e-09
54100 4468.987753 -2.950e-12 8.001260 -0.000000 66.370248 2.255e-09
54200 4468.987722 -3.929e-12 8.001258 -0.000000 66.370213 2.227e-09
54300 4468.987691 -2.207e-12 8.001257 -0.000000 66.370179 2.198e-09
54400 4468.987661 -3.873e-12 8.001255 -0.000000 66.370145 2.171e-09
54500 4468.987631 -2.337e-12 8.001253 -0.000000 66.370112 2.143e-09
54600 4468.987601 -4.685e-12 8.001252 -0.000000 66.370079 2.116e-09
54700 4468.987572 -3.472e-12 8.001250 -0.000000 66.370047 2.090e-09
54800 4468.987543 -2.839e-12 8.001248 -0.000000 66.370014 2.063e-09
54900 4468.987514 -2.507e-12 8.001247 -0.000000 66.369983 2.037e-09
55000 4468.987486 -4.388e-12 8.001245 -0.000000 66.369951 2.011e-09
55100 4468.987459 -2.216e-12 8.001244 -0.000000 66.369921 1.986e-09
55200 4468.987431 -3.315e-12 8.001242 -0.000000 66.369890 1.961e-09
55300 4468.987404 -4.986e-12 8.001241 -0.000000 66.369860 1.936e-09
55400 4468.987377 -2.509e-12 8.001239 -0.000000 66.369830 1.912e-09
55500 4468.987351 -2.954e-12 8.001238 -0.000000 66.369801 1.887e-09
55600 4468.987325 -4.081e-12 8.001236 -0.000000 66.369772 1.864e-09
55700 4468.987299 -5.009e-12 8.001235 -0.000000 66.369744 1.840e-09
55800 4468.987273 -5.503e-12 8.001234 -0.000000 66.369715 1.817e-09
55900 4468.987248 -3.650e-12 8.001232 -0.000000 66.369688 1.794e-09
56000 4468.987224 -5.829e-12 8.001231 -0.000000 66.369660 1.771e-09
56100 4468.987199 -3.340e-12 8.001229 -0.000000 66.369633 1.749e-09
56200 4468.987175 -5.410e-12 8.001228 -0.000000 66.369606 1.727e-09
56300 4468.987151 -3.688e-12 8.001227 -0.000000 66.369580 1.705e-09
56400 4468.987127 -5.583e-12 8.001225 -0.000000 66.369554 1.683e-09
56500 4468.987104 -3.068e-12 8.001224 -0.000000 66.369528 1.662e-09
56600 4468.987081 -4.343e-12 8.001223 -0.000000 66.369503 1.641e-09
56700 4468.987059 -3.980e-12 8.001222 -0.000000 66.369478 1.620e-09
56800 4468.987036 -3.425e-12 8.001220 -0.000000 66.369453 1.600e-09
56900 4468.987014 -2.812e-12 8.001219 -0.000000 66.369429 1.579e-09
57000 4468.986992 -4.686e-12 8.001218 -0.000000 66.369404 1.559e-09
57100 4468.986971 -3.457e-12 8.001217 -0.000000 66.369381 1.540e-09
57200 4468.986949 -4.952e-12 8.001216 -0.000000 66.369357 1.520e-09
57300 4468.986928 -4.363e-12 8.001215 -0.000000 66.369334 1.501e-09
57400 4468.986908 -3.758e-12 8.001213 -0.000000 66.369311 1.482e-09
57500 4468.986887 -3.457e-12 8.001212 -0.000000 66.369289 1.463e-09
57600 4468.986867 -1.855e-12 8.001211 -0.000000 66.369266 1.445e-09
57700 4468.986847 -2.533e-12 8.001210 -0.000000 66.369244 1.426e-09
57800 4468.986827 -5.131e-12 8.001209 -0.000000 66.369223 1.408e-09
57900 4468.986808 -4.293e-12 8.001208 -0.000000 66.369201 1.391e-09
58000 4468.986789 -1.753e-12 8.001207 -0.000000 66.369180 1.373e-09
58100 4468.986770 -1.036e-12 8.001206 -0.000000 66.369159 1.356e-09
58200 4468.986751 -2.976e-12 8.001205 -0.000000 66.369138 1.338e-09
58300 4468.986732 -5.505e-12 8.001204 -0.000000 66.369118 1.321e-09
58400 4468.986714 -5.130e-12 8.001203 -0.000000 66.369098 1.305e-09
58500 4468.986696 -3.576e-12 8.001202 -0.000000 66.369078 1.288e-09
58600 4468.986678 -5.152e-12 8.001201 -0.000000 66.369059 1.272e-09
58700 4468.986661 -3.282e-12 8.001200 -0.000000 66.369039 1.256e-09
58800 4468.986643 -1.982e-13 8.001199 -0.000000 66.369020 1.240e-09
58900 4468.986626 -7.030e-12 8.001198 -0.000000 66.369001 1.224e-09
59000 4468.986609 -3.958e-12 8.001197 -0.000000 66.368983 1.209e-09
59100 4468.986592 -2.175e-12 8.001196 -0.000000 66.368964 1.193e-09
59200 4468.986576 -4.926e-12 8.001195 -0.000000 66.368946 1.178e-09
59300 4468.986560 -2.954e-12 8.001194 -0.000000 66.368928 1.163e-09
59400 4468.986544 -2.286e-12 8.001194 -0.000000 66.368911 1.149e-09
59500 4468.986528 -1.586e-12 8.001193 -0.000000 66.368893 1.134e-09
59600 4468.986512 -4.771e-12 8.001192 -0.000000 66.368876 1.120e-09
59700 4468.986497 -4.620e-12 8.001191 -0.000000 66.368859 1.105e-09
59800 4468.986481 -2.579e-12 8.001190 -0.000000 66.368842 1.091e-09
59900 4468.986466 -5.399e-12 8.001189 -0.000000 66.368826 1.078e-09
60000 4468.986451 -3.544e-12 8.001188 -0.000000 66.368810 1.064e-09
60100 4468.986437 -4.715e-12 8.001188 -0.000000 66.368793 1.050e-09
60200 4468.986422 -4.760e-12 8.001187 -0.000000 66.368778 1.037e-09
60300 4468.986408 -4.464e-12 8.001186 -0.000000 66.368762 1.024e-09
60400 4468.986394 -3.212e-12 8.001185 -0.000000 66.368746 1.011e-09
60500 4468.986380 -1.560e-12 8.001185 -0.000000 66.368731 9.982e-10
60600 4468.986366 -2.814e-12 8.001184 -0.000000 66.368716 9.855e-10
60700 4468.986352 -3.913e-12 8.001183 -0.000000 66.368701 9.730e-10
60800 4468.986339 -2.209e-12 8.001182 -0.000000 66.368686 9.607e-10
60900 4468.986326 -2.162e-12 8.001182 -0.000000 66.368672 9.485e-10
61000 4468.986312 -5.187e-12 8.001181 -0.000000 66.368657 9.365e-10
61100 4468.986299 -4.375e-12 8.001180 -0.000000 66.368643 9.246e-10
61200 4468.986287 -3.646e-12 8.001180 -0.000000 66.368629 9.129e-10
61300 4468.986274 -4.347e-12 8.001179 -0.000000 66.368616 9.013e-10
61400 4468.986262 -4.659e-12 8.001178 -0.000000 66.368602 8.899e-10
61500 4468.986249 -1.230e-12 8.001177 -0.000000 66.368588 8.786e-10
61600 4468.986237 -4.034e-12 8.001177 -0.000000 66.368575 8.674e-10
61700 4468.986225 -4.471e-12 8.001176 -0.000000 66.368562 8.564e-10
61800 4468.986213 -1.620e-12 8.001176 -0.000000 66.368549 8.456e-10
61900 4468.986202 -3.140e-12 8.001175 -0.000000 66.368536 8.348e-10
62000 4468.986190 -2.346e-12 8.001174 -0.000000 66.368524 8.243e-10
62100 4468.986179 -2.467e-12 8.001174 -0.000000 66.368511 8.138e-10
62200 4468.986167 -5.894e-12 8.001173 -0.000000 66.368499 8.035e-10
62300 4468.986156 -2.499e-12 8.001172 -0.000000 66.368487 7.933e-10
62400 4468.986145 -3.813e-12 8.001172 -0.000000 66.368475 7.832e-10
62500 4468.986135 -5.477e-12 8.001171 -0.000000 66.368463 7.733e-10
62600 4468.986124 -4.758e-12 8.001171 -0.000000 66.368452 7.634e-10
62700 4468.986113 -3.417e-12 8.001170 -0.000000 66.368440 7.538e-10
62800 4468.986103 -4.118e-12 8.001170 -0.000000 66.368429 7.442e-10
62900 4468.986093 -2.468e-12 8.001169 -0.000000 66.368418 7.347e-10
63000 4468.986082 -3.600e-12 8.001168 -0.000000 66.368406 7.254e-10
63100 4468.986072 -3.694e-12 8.001168 -0.000000 66.368396 7.162e-10
63200 4468.986063 -2.766e-12 8.001167 -0.000000 66.368385 7.071e-10
63300 4468.986053 -3.457e-12 8.001167 -0.000000 66.368374 6.981e-10
63400 4468.986043 -2.294e-12 8.001166 -0.000000 66.368364 6.893e-10
63500 4468.986034 -3.559e-12 8.001166 -0.000000 66.368353 6.805e-10
63600 4468.986024 -4.073e-12 8.001165 -0.000000 66.368343 6.719e-10
63700 4468.986015 -4.948e-12 8.001165 -0.000000 66.368333 6.633e-10
63800 4468.986006 -3.037e-12 8.001164 -0.000000 66.368323 6.549e-10
63900 4468.985997 -3.740e-12 8.001164 -0.000000 66.368313 6.466e-10
64000 4468.985988 -4.714e-12 8.001163 -0.000000 66.368303 6.384e-10
64100 4468.985979 -1.950e-12 8.001163 -0.000000 66.368294 6.303e-10
64200 4468.985970 -3.943e-12 8.001162 -0.000000 66.368284 6.223e-10
64300 4468.985962 -2.809e-12 8.001162 -0.000000 66.368275 6.144e-10
64400 4468.985953 -2.886e-12 8.001161 -0.000000 66.368266 6.066e-10
64500 4468.985945 -3.504e-12 8.001161 -0.000000 66.368257 5.989e-10
64600 4468.985936 -3.388e-12 8.001161 -0.000000 66.368248 5.913e-10
64700 4468.985928 -3.586e-12 8.001160 -0.000000 66.368239 5.838e-10
64800 4468.985920 -3.066e-12 8.001160 -0.000000 66.368230 5.763e-10
64900 4468.985912 -4.010e-12 8.001159 -0.000000 66.368221 5.690e-10
65000 4468.985904 -2.621e-12 8.001159 -0.000000 66.368213 5.618e-10
65100 4468.985897 -3.904e-12 8.001158 -0.000000 66.368204 5.547e-10
65200 4468.985889 -2.577e-12 8.001158 -0.000000 66.368196 5.476e-10
65300 4468.985881 -3.362e-12 8.001158 -0.000000 66.368188 5.406e-10
65400 4468.985874 -2.537e-12 8.001157 -0.000000 66.368180 5.338e-10
65500 4468.985867 -3.230e-12 8.001157 -0.000000 66.368172 5.270e-10
65600 4468.985859 -3.479e-12 8.001156 -0.000000 66.368164 5.203e-10
65700 4468.985852 -3.644e-12 8.001156 -0.000000 66.368156 5.137e-10
65800 4468.985845 -6.456e-12 8.001156 -0.000000 66.368148 5.072e-10
65900 4468.985838 -2.431e-12 8.001155 -0.000000 66.368141 5.007e-10
66000 4468.985831 -2.817e-12 8.001155 -0.000000 66.368133 4.943e-10
66100 4468.985824 -3.004e-12 8.001154 -0.000000 66.368126 4.881e-10
66200 4468.985817 -4.262e-12 8.001154 -0.000000 66.368119 4.819e-10
66300 4468.985811 -3.941e-12 8.001154 -0.000000 66.368111 4.757e-10
66400 4468.985804 -4.894e-12 8.001153 -0.000000 66.368104 4.697e-10
66500 4468.985798 -6.129e-12 8.001153 -0.000000 66.368097 4.637e-10
66600 4468.985791 -2.350e-12 8.001153 -0.000000 66.368090 4.578e-10
66700 4468.985785 -4.244e-12 8.001152 -0.000000 66.368083 4.520e-10
66800 4468.985779 -4.758e-12 8.001152 -0.000000 66.368077 4.463e-10
66900 4468.985773 -4.930e-12 8.001152 -0.000000 66.368070 4.406e-10
67000 4468.985766 -3.922e-12 8.001151 -0.000000 66.368063 4.350e-10
67100 4468.985760 -4.035e-12 8.001151 -0.000000 66.368057 4.295e-10
67200 4468.985755 -4.073e-12 8.001151 -0.000000 66.368050 4.240e-10
67300 4468.985749 -6.908e-12 8.001150 -0.000000 66.368044 4.186e-10
67400 4468.985743 -5.005e-12 8.001150 -0.000000 66.368038 4.133e-10
67500 4468.985737 -2.669e-12 8.001150 -0.000000 66.368032 4.080e-10
67600 4468.985732 -6.892e-12 8.001149 -0.000000 66.368026 4.028e-10
67700 4468.985726 -2.977e-12 8.001149 -0.000000 66.368020 3.977e-10
67800 4468.985720 -3.376e-12 8.001149 -0.000000 66.368014 3.927e-10
67900 4468.985715 -3.457e-12 8.001149 -0.000000 66.368008 3.877e-10
68000 4468.985710 -5.052e-12 8.001148 -0.000000 66.368002 3.827e-10
68100 4468.985704 -1.463e-12 8.001148 -0.000000 66.367996 3.779e-10
68200 4468.985699 -6.012e-12 8.001148 -0.000000 66.367991 3.731e-10
68300 4468.985694 -3.118e-12 8.001147 -0.000000 66.367985 3.683e-10
68400 4468.985689 -2.341e-12 8.001147 -0.000000 66.367979 3.636e-10
68500 4468.985684 -4.807e-12 8.001147 -0.000000 66.367974 3.590e-10
68600 4468.985679 -1.283e-12 8.001147 -0.000000 66.367969 3.544e-10
68700 4468.985674 -3.868e-12 8.001146 -0.000000 66.367963 3.499e-10
68800 4468.985669 -4.059e-12 8.001146 -0.000000 66.367958 3.455e-10
68900 4468.985664 -4.003e-12 8.001146 -0.000000 66.367953 3.411e-10
69000 4468.985660 -5.235e-12 8.001146 -0.000000 66.367948 3.368e-10
69100 4468.985655 -3.762e-12 8.001145 -0.000000 66.367943 3.325e-10
69200 4468.985650 -3.399e-12 8.001145 -0.000000 66.367938 3.282e-10
69300 4468.985646 -6.249e-12 8.001145 -0.000000 66.367933 3.241e-10
69400 4468.985641 -3.226e-12 8.001145 -0.000000 66.367928 3.199e-10
69500 4468.985637 -2.929e-12 8.001144 -0.000000 66.367923 3.159e-10
69600 4468.985633 -4.368e-12 8.001144 -0.000000 66.367919 3.119e-10
69700 4468.985628 -4.303e-12 8.001144 -0.000000 66.367914 3.079e-10
69800 4468.985624 -3.985e-12 8.001144 -0.000000 66.367909 3.040e-10
69900 4468.985620 -5.603e-12 8.001143 -0.000000 66.367905 3.001e-10
70000 4468.985616 -4.914e-12 8.001143 -0.000000 66.367900 2.963e-10
70100 4468.985612 -3.178e-12 8.001143 -0.000000 66.367896 2.925e-10
70200 4468.985608 -4.709e-12 8.001143 -0.000000 66.367892 2.888e-10
70300 4468.985604 -1.041e-12 8.001143 -0.000000 66.367887 2.851e-10
70400 4468.985600 -5.075e-12 8.001142 -0.000000 66.367883 2.815e-10
70500 4468.985596 -5.259e-12 8.001142 -0.000000 66.367879 2.779e-10
70600 4468.985592 -2.603e-12 8.001142 -0.000000 66.367875 2.744e-10
70700 4468.985588 -6.067e-12 8.001142 -0.000000 66.367871 2.709e-10
70800 4468.985584 -2.402e-12 8.001142 -0.000000 66.367867 2.674e-10
70900 4468.985581 -3.648e-12 8.001141 -0.000000 66.367863 2.640e-10
71000 4468.985577 -4.587e-12 8.001141 -0.000000 66.367859 2.607e-10
71100 4468.985573 -2.384e-12 8.001141 -0.000000 66.367855 2.574e-10
71200 4468.985570 -4.256e-12 8.001141 -0.000000 66.367851 2.541e-10
71300 4468.985566 -3.467e-12 8.001141 -0.000000 66.367847 2.508e-10
71400 4468.985563 -2.719e-12 8.001140 -0.000000 66.367844 2.477e-10
71500 4468.985559 -3.113e-12 8.001140 -0.000000 66.367840 2.445e-10
71600 4468.985556 -4.409e-12 8.001140 -0.000000 66.367836 2.414e-10
71700 4468.985553 -4.032e-12 8.001140 -0.000000 66.367833 2.383e-10
71800 4468.985549 -4.224e-12 8.001140 -0.000000 66.367829 2.353e-10
71900 4468.985546 -5.709e-12 8.001140 -0.000000 66.367826 2.323e-10
72000 4468.985543 -6.216e-12 8.001139 -0.000000 66.367822 2.293e-10
72100 4468.985540 -5.618e-12 8.001139 -0.000000 66.367819 2.264e-10
72200 4468.985537 -5.197e-12 8.001139 -0.000000 66.367815 2.235e-10
72300 4468.985534 -4.213e-12 8.001139 -0.000000 66.367812 2.207e-10
72400 4468.985531 -4.334e-12 8.001139 -0.000000 66.367809 2.179e-10
72500 4468.985528 -6.253e-12 8.001139 -0.000000 66.367806 2.151e-10
72600 4468.985525 -5.326e-12 8.001138 -0.000000 66.367802 2.124e-10
72700 4468.985522 -3.988e-12 8.001138 -0.000000 66.367799 2.097e-10
72800 4468.985519 -4.254e-12 8.001138 -0.000000 66.367796 2.070e-10
72900 4468.985516 -4.552e-12 8.001138 -0.000000 66.367793 2.044e-10
73000 4468.985513 -4.004e-12 8.001138 -0.000000 66.367790 2.018e-10
73100 4468.985510 -4.871e-12 8.001138 -0.000000 66.367787 1.992e-10
73200 4468.985508 -3.622e-12 8.001137 -0.000000 66.367784 1.966e-10
73300 4468.985505 -1.654e-12 8.001137 -0.000000 66.367781 1.941e-10
73400 4468.985502 -4.801e-12 8.001137 -0.000000 66.367778 1.917e-10
73500 4468.985499 -4.641e-12 8.001137 -0.000000 66.367775 1.892e-10
73600 4468.985497 -3.367e-12 8.001137 -0.000000 66.367773 1.868e-10
73700 4468.985494 -4.417e-12 8.001137 -0.000000 66.367770 1.844e-10
73800 4468.985492 -3.169e-12 8.001137 -0.000000 66.367767 1.821e-10
73900 4468.985489 -4.213e-12 8.001136 -0.000000 66.367764 1.798e-10
74000 4468.985487 -4.138e-12 8.001136 -0.000000 66.367762 1.775e-10
74100 4468.985484 -4.400e-12 8.001136 -0.000000 66.367759 1.752e-10
74200 4468.985482 -6.405e-12 8.001136 -0.000000 66.367756 1.730e-10
74300 4468.985479 -3.186e-12 8.001136 -0.000000 66.367754 1.708e-10
74400 4468.985477 -3.447e-12 8.001136 -0.000000 66.367751 1.686e-10
74500 4468.985475 -2.288e-12 8.001136 -0.000000 66.367749 1.665e-10
74600 4468.985472 -4.674e-12 8.001136 -0.000000 66.367746 1.644e-10
74700 4468.985470 -4.242e-12 8.001135 -0.000000 66.367744 1.623e-10
74800 4468.985468 -3.034e-12 8.001135 -0.000000 66.367742 1.602e-10
74900 4468.985466 -4.070e-12 8.001135 -0.000000 66.367739 1.582e-10
75000 4468.985464 -2.967e-12 8.001135 -0.000000 66.367737 1.561e-10
75100 4468.985461 -3.142e-12 8.001135 -0.000000 66.367734 1.541e-10
75200 4468.985459 -4.368e-12 8.001135 -0.000000 66.367732 1.522e-10
75300 4468.985457 -2.705e-12 8.001135 -0.000000 66.367730 1.502e-10
75400 4468.985455 -1.379e-12 8.001135 -0.000000 66.367728 1.483e-10
75500 4468.985453 -4.975e-12 8.001135 -0.000000 66.367726 1.464e-10
75600 4468.985451 -6.546e-12 8.001134 -0.000000 66.367723 1.446e-10
75700 4468.985449 -4.056e-12 8.001134 -0.000000 66.367721 1.427e-10
75800 4468.985447 -4.181e-12 8.001134 -0.000000 66.367719 1.409e-10
75900 4468.985445 -2.717e-12 8.001134 -0.000000 66.367717 1.391e-10
76000 4468.985443 -3.144e-12 8.001134 -0.000000 66.367715 1.374e-10
76100 4468.985441 -4.316e-12 8.001134 -0.000000 66.367713 1.356e-10
76200 4468.985439 -2.034e-12 8.001134 -0.000000 66.367711 1.339e-10
76300 4468.985438 -2.149e-12 8.001134 -0.000000 66.367709 1.322e-10
76400 4468.985436 -4.165e-12 8.001134 -0.000000 66.367707 1.305e-10
76500 4468.985434 -2.641e-12 8.001134 -0.000000 66.367705 1.288e-10
76600 4468.985432 -3.148e-12 8.001133 -0.000000 66.367703 1.272e-10
76700 4468.985430 -5.054e-12 8.001133 -0.000000 66.367701 1.256e-10
76800 4468.985429 -3.615e-12 8.001133 -0.000000 66.367699 1.240e-10
76900 4468.985427 -2.897e-12 8.001133 -0.000000 66.367698 1.224e-10
77000 4468.985425 -1.856e-12 8.001133 -0.000000 66.367696 1.208e-10
77100 4468.985424 -6.772e-12 8.001133 -0.000000 66.367694 1.193e-10
77200 4468.985422 -3.143e-12 8.001133 -0.000000 66.367692 1.178e-10
77300 4468.985420 -4.008e-12 8.001133 -0.000000 66.367690 1.163e-10
77400 4468.985419 -4.542e-12 8.001133 -0.000000 66.367689 1.148e-10
77500 4468.985417 -5.439e-12 8.001133 -0.000000 66.367687 1.133e-10
77600 4468.985416 -1.984e-12 8.001133 -0.000000 66.367685 1.119e-10
77700 4468.985414 -4.009e-12 8.001132 -0.000000 66.367684 1.105e-10
77800 4468.985412 -3.347e-12 8.001132 -0.000000 66.367682 1.090e-10
77900 4468.985411 -3.142e-12 8.001132 -0.000000 66.367680 1.077e-10
78000 4468.985409 -4.608e-12 8.001132 -0.000000 66.367679 1.063e-10
78100 4468.985408 -4.630e-12 8.001132 -0.000000 66.367677 1.049e-10
78200 4468.985407 -4.065e-12 8.001132 -0.000000 66.367676 1.036e-10
78300 4468.985405 -5.179e-12 8.001132 -0.000000 66.367674 1.023e-10
78400 4468.985404 -4.023e-12 8.001132 -0.000000 66.367673 1.010e-10
78500 4468.985402 -3.194e-12 8.001132 -0.000000 66.367671 9.968e-11
78600 4468.985401 -3.242e-12 8.001132 -0.000000 66.367670 9.841e-11
78700 4468.985400 -3.355e-12 8.001132 -0.000000 66.367668 9.716e-11
78800 4468.985398 -3.368e-12 8.001132 -0.000000 66.367667 9.592e-11
78900 4468.985397 -4.782e-12 8.001132 -0.000000 66.367665 9.470e-11
79000 4468.985396 -5.046e-12 8.001131 -0.000000 66.367664 9.349e-11
79100 4468.985394 -4.351e-12 8.001131 -0.000000 66.367663 9.230e-11
79200 4468.985393 -8.883e-13 8.001131 -0.000000 66.367661 9.113e-11
79300 4468.985392 -5.735e-13 8.001131 -0.000000 66.367660 8.997e-11
79400 4468.985390 -2.152e-12 8.001131 -0.000000 66.367659 8.882e-11
79500 4468.985389 -3.059e-12 8.001131 -0.000000 66.367657 8.769e-11
79600 4468.985388 -4.083e-12 8.001131 -0.000000 66.367656 8.657e-11
79700 4468.985387 -2.674e-12 8.001131 -0.000000 66.367655 8.546e-11
79800 4468.985386 -4.458e-12 8.001131 -0.000000 66.367653 8.438e-11
79900 4468.985385 -5.469e-12 8.001131 -0.000000 66.367652 8.330e-11
80000 4468.985383 -2.936e-12 8.001131 -0.000000 66.367651 8.224e-11
80100 4468.985382 -4.375e-12 8.001131 -0.000000 66.367650 8.119e-11
80200 4468.985381 -5.048e-12 8.001131 -0.000000 66.367649 8.016e-11
80300 4468.985380 -3.409e-12 8.001131 -0.000000 66.367647 7.913e-11
80400 4468.985379 -5.601e-12 8.001131 -0.000000 66.367646 7.813e-11
80500 4468.985378 -4.463e-12 8.001131 -0.000000 66.367645 7.713e-11
80600 4468.985377 -3.582e-12 8.001130 -0.000000 66.367644 7.615e-11
80700 4468.985376 -3.071e-12 8.001130 -0.000000 66.367643 7.518e-11
80800 4468.985375 -3.877e-12 8.001130 -0.000000 66.367642 7.422e-11
80900 4468.985374 -4.348e-12 8.001130 -0.000000 66.367641 7.327e-11
81000 4468.985373 -5.680e-12 8.001130 -0.000000 66.367639 7.234e-11
81100 4468.985372 -5.270e-12 8.001130 -0.000000 66.367638 7.141e-11
81200 4468.985371 -1.896e-12 8.001130 -0.000000 66.367637 7.051e-11
81300 4468.985370 -4.056e-12 8.001130 -0.000000 66.367636 6.961e-11
81400 4468.985369 -3.784e-12 8.001130 -0.000000 66.367635 6.872e-11
81500 4468.985368 -3.348e-12 8.001130 -0.000000 66.367634 6.784e-11
81600 4468.985367 -2.628e-12 8.001130 -0.000000 66.367633 6.698e-11
81700 4468.985366 -4.105e-12 8.001130 -0.000000 66.367632 6.613e-11
81800 4468.985365 -5.183e-12 8.001130 -0.000000 66.367631 6.528e-11
81900 4468.985364 -3.733e-12 8.001130 -0.000000 66.367630 6.445e-11
82000 4468.985363 -3.991e-12 8.001130 -0.000000 66.367629 6.363e-11
82100 4468.985362 -5.023e-12 8.001130 -0.000000 66.367628 6.282e-11
82200 4468.985361 -4.995e-12 8.001130 -0.000000 66.367627 6.202e-11
82300 4468.985361 -5.483e-12 8.001130 -0.000000 66.367627 6.123e-11
82400 4468.985360 -5.887e-12 8.001130 -0.000000 66.367626 6.045e-11
82500 4468.985359 -2.981e-12 8.001130 -0.000000 66.367625 5.968e-11
82600 4468.985358 -2.765e-12 8.001129 -0.000000 66.367624 5.891e-11
82700 4468.985357 -3.404e-12 8.001129 -0.000000 66.367623 5.816e-11
82800 4468.985356 -2.585e-12 8.001129 -0.000000 66.367622 5.742e-11
82900 4468.985356 -4.633e-12 8.001129 -0.000000 66.367621 5.669e-11
83000 4468.985355 -2.666e-12 8.001129 -0.000000 66.367620 5.597e-11
83100 4468.985354 -5.309e-12 8.001129 -0.000000 66.367620 5.525e-11
83200 4468.985353 -5.410e-12 8.001129 -0.000000 66.367619 5.455e-11
83300 4468.985353 -4.888e-12 8.001129 -0.000000 66.367618 5.385e-11
83400 4468.985352 -3.159e-12 8.001129 -0.000000 66.367617 5.317e-11
83500 4468.985351 -5.022e-12 8.001129 -0.000000 66.367616 5.249e-11
83600 4468.985350 -2.606e-12 8.001129 -0.000000 66.367616 5.182e-11
83700 4468.985350 -4.394e-12 8.001129 -0.000000 66.367615 5.116e-11
83800 4468.985349 -3.641e-12 8.001129 -0.000000 66.367614 5.051e-11
83900 4468.985348 -1.203e-12 8.001129 -0.000000 66.367613 4.987e-11
84000 4468.985348 -2.812e-12 8.001129 -0.000000 66.367613 4.923e-11
84100 4468.985347 -5.052e-12 8.001129 -0.000000 66.367612 4.860e-11
84200 4468.985346 -5.426e-12 8.001129 -0.000000 66.367611 4.798e-11
84300 4468.985346 -4.861e-12 8.001129 -0.000000 66.367611 4.736e-11
84400 4468.985345 -5.722e-12 8.001129 -0.000000 66.367610 4.677e-11
84500 4468.985344 -4.494e-12 8.001129 -0.000000 66.367609 4.617e-11
84600 4468.985344 -8.404e-12 8.001129 -0.000000 66.367608 4.558e-11
84700 4468.985343 -2.332e-12 8.001129 -0.000000 66.367608 4.500e-11
84800 4468.985342 -4.640e-12 8.001129 -0.000000 66.367607 4.442e-11
84900 4468.985342 -5.193e-12 8.001129 -0.000000 66.367606 4.386e-11
85000 4468.985341 -3.837e-12 8.001129 -0.000000 66.367606 4.330e-11
85100 4468.985341 -4.697e-12 8.001129 -0.000000 66.367605 4.275e-11
85200 4468.985340 -1.641e-13 8.001129 -0.000000 66.367605 4.220e-11
85300 4468.985339 -4.402e-12 8.001128 -0.000000 66.367604 4.166e-11
85400 4468.985339 -4.732e-12 8.001128 -0.000000 66.367603 4.113e-11
85500 4468.985338 -2.491e-12 8.001128 -0.000000 66.367603 4.061e-11
85600 4468.985338 -2.719e-12 8.001128 -0.000000 66.367602 4.009e-11
85700 4468.985337 -5.886e-12 8.001128 -0.000000 66.367602 3.958e-11
85800 4468.985337 -4.722e-12 8.001128 -0.000000 66.367601 3.908e-11
85900 4468.985336 -3.687e-12 8.001128 -0.000000 66.367600 3.858e-11
86000 4468.985335 -2.024e-12 8.001128 -0.000000 66.367600 3.809e-11
86100 4468.985335 -3.209e-12 8.001128 -0.000000 66.367599 3.760e-11
86200 4468.985334 -5.448e-12 8.001128 -0.000000 66.367599 3.712e-11
86300 4468.985334 -3.962e-12 8.001128 -0.000000 66.367598 3.665e-11
86400 4468.985333 -4.322e-12 8.001128 -0.000000 66.367598 3.618e-11
86500 4468.985333 -5.159e-12 8.001128 -0.000000 66.367597 3.572e-11
86600 4468.985332 -4.765e-12 8.001128 -0.000000 66.367597 3.526e-11
86700 4468.985332 -3.668e-12 8.001128 -0.000000 66.367596 3.481e-11
86800 4468.985331 -3.847e-12 8.001128 -0.000000 66.367596 3.437e-11
86900 4468.985331 -5.028e-12 8.001128 -0.000000 66.367595 3.393e-11
87000 4468.985331 -3.331e-12 8.001128 -0.000000 66.367595 3.350e-11
87100 4468.985330 -3.159e-12 8.001128 -0.000000 66.367594 3.307e-11
87200 4468.985330 -4.324e-12 8.001128 -0.000000 66.367594 3.265e-11
87300 4468.985329 -3.556e-12 8.001128 -0.000000 66.367593 3.223e-11
87400 4468.985329 -3.157e-12 8.001128 -0.000000 66.367593 3.182e-11
87500 4468.985328 -4.254e-12 8.001128 -0.000000 66.367592 3.141e-11
87600 4468.985328 -4.359e-12 8.001128 -0.000000 66.367592 3.102e-11
87700 4468.985327 -3.908e-12 8.001128 -0.000000 66.367591 3.062e-11
87800 4468.985327 -4.134e-12 8.001128 -0.000000 66.367591 3.023e-11
87900 4468.985327 -5.313e-12 8.001128 -0.000000 66.367590 2.984e-11
88000 4468.985326 -4.736e-12 8.001128 -0.000000 66.367590 2.946e-11
88100 4468.985326 -4.994e-12 8.001128 -0.000000 66.367589 2.909e-11
88200 4468.985325 -3.155e-12 8.001128 -0.000000 66.367589 2.872e-11
88300 4468.985325 -3.446e-12 8.001128 -0.000000 66.367589 2.835e-11
88400 4468.985325 -4.195e-12 8.001128 -0.000000 66.367588 2.799e-11
88500 4468.985324 -3.965e-12 8.001128 -0.000000 66.367588 2.763e-11
88600 4468.985324 -5.116e-12 8.001128 -0.000000 66.367587 2.728e-11
88700 4468.985323 -3.772e-12 8.001128 -0.000000 66.367587 2.693e-11
88800 4468.985323 -4.480e-12 8.001128 -0.000000 66.367587 2.659e-11
88900 4468.985323 -2.583e-12 8.001128 -0.000000 66.367586 2.625e-11
89000 4468.985322 -4.931e-12 8.001128 -0.000000 66.367586 2.592e-11
89100 4468.985322 -4.472e-12 8.001128 -0.000000 66.367585 2.558e-11
89200 4468.985322 -3.878e-12 8.001128 -0.000000 66.367585 2.525e-11
89300 4468.985321 -4.704e-12 8.001128 -0.000000 66.367585 2.493e-11
89400 4468.985321 -2.773e-12 8.001128 -0.000000 66.367584 2.462e-11
89500 4468.985321 -4.447e-12 8.001127 -0.000000 66.367584 2.430e-11
89600 4468.985320 -4.529e-12 8.001127 -0.000000 66.367584 2.399e-11
89700 4468.985320 -3.131e-12 8.001127 -0.000000 66.367583 2.369e-11
89800 4468.985320 -4.380e-12 8.001127 -0.000000 66.367583 2.338e-11
89900 4468.985319 -4.900e-12 8.001127 -0.000000 66.367583 2.308e-11
90000 4468.985319 -5.839e-12 8.001127 -0.000000 66.367582 2.279e-11
90100 4468.985319 -2.951e-12 8.001127 -0.000000 66.367582 2.250e-11
90200 4468.985318 -2.928e-12 8.001127 -0.000000 66.367582 2.221e-11
90300 4468.985318 -3.697e-12 8.001127 -0.000000 66.367581 2.193e-11
90400 4468.985318 -6.321e-12 8.001127 -0.000000 66.367581 2.166e-11
90500 4468.985317 -3.504e-12 8.001127 -0.000000 66.367581 2.137e-11
90600 4468.985317 -4.727e-12 8.001127 -0.000000 66.367580 2.110e-11
90700 4468.985317 -3.316e-12 8.001127 -0.000000 66.367580 2.083e-11
90800 4468.985316 -3.016e-12 8.001127 -0.000000 66.367580 2.057e-11
90900 4468.985316 -1.645e-12 8.001127 -0.000000 66.367579 2.031e-11
91000 4468.985316 -5.133e-12 8.001127 -0.000000 66.367579 2.005e-11
91100 4468.985316 -2.670e-12 8.001127 -0.000000 66.367579 1.979e-11
91200 4468.985315 -4.028e-12 8.001127 -0.000000 66.367578 1.954e-11
91300 4468.985315 -4.792e-12 8.001127 -0.000000 66.367578 1.929e-11
91400 4468.985315 -4.245e-12 8.001127 -0.000000 66.367578 1.904e-11
91500 4468.985315 -3.903e-12 8.001127 -0.000000 66.367578 1.880e-11
91600 4468.985314 -1.437e-12 8.001127 -0.000000 66.367577 1.856e-11
91700 4468.985314 -3.802e-12 8.001127 -0.000000 66.367577 1.832e-11
91800 4468.985314 -2.061e-12 8.001127 -0.000000 66.367577 1.809e-11
91900 4468.985314 -3.759e-12 8.001127 -0.000000 66.367576 1.786e-11
92000 4468.985313 -3.926e-12 8.001127 -0.000000 66.367576 1.763e-11
92100 4468.985313 -1.164e-12 8.001127 -0.000000 66.367576 1.740e-11
92200 4468.985313 -3.402e-12 8.001127 -0.000000 66.367576 1.718e-11
92300 4468.985313 -3.038e-12 8.001127 -0.000000 66.367575 1.696e-11
92400 4468.985312 -3.236e-12 8.001127 -0.000000 66.367575 1.675e-11
92500 4468.985312 -2.302e-12 8.001127 -0.000000 66.367575 1.654e-11
92600 4468.985312 -2.749e-12 8.001127 -0.000000 66.367575 1.632e-11
92700 4468.985312 -3.141e-12 8.001127 -0.000000 66.367574 1.611e-11
92800 4468.985311 -4.706e-12 8.001127 -0.000000 66.367574 1.591e-11
92900 4468.985311 -5.213e-12 8.001127 -0.000000 66.367574 1.571e-11
93000 4468.985311 -2.757e-12 8.001127 -0.000000 66.367574 1.551e-11
93100 4468.985311 -4.257e-12 8.001127 -0.000000 66.367574 1.531e-11
93200 4468.985311 -3.930e-12 8.001127 -0.000000 66.367573 1.511e-11
93300 4468.985310 -3.245e-12 8.001127 -0.000000 66.367573 1.492e-11
93400 4468.985310 -1.859e-12 8.001127 -0.000000 66.367573 1.473e-11
93500 4468.985310 -5.468e-12 8.001127 -0.000000 66.367573 1.454e-11
93600 4468.985310 -2.638e-12 8.001127 -0.000000 66.367572 1.436e-11
93700 4468.985310 -1.419e-12 8.001127 -0.000000 66.367572 1.417e-11
93800 4468.985309 -3.493e-12 8.001127 -0.000000 66.367572 1.399e-11
93900 4468.985309 -4.169e-12 8.001127 -0.000000 66.367572 1.381e-11
94000 4468.985309 -4.537e-12 8.001127 -0.000000 66.367572 1.364e-11
94100 4468.985309 -1.965e-12 8.001127 -0.000000 66.367571 1.346e-11
94200 4468.985309 -2.803e-12 8.001127 -0.000000 66.367571 1.329e-11
94300 4468.985308 -3.945e-12 8.001127 -0.000000 66.367571 1.312e-11
94400 4468.985308 -4.546e-12 8.001127 -0.000000 66.367571 1.296e-11
94500 4468.985308 -3.559e-12 8.001127 -0.000000 66.367571 1.279e-11
94600 4468.985308 -1.107e-12 8.001127 -0.000000 66.367570 1.263e-11
94700 4468.985308 -4.266e-12 8.001127 -0.000000 66.367570 1.247e-11
94800 4468.985308 -5.835e-12 8.001127 -0.000000 66.367570 1.231e-11
94900 4468.985307 -2.542e-12 8.001127 -0.000000 66.367570 1.215e-11
95000 4468.985307 -4.561e-12 8.001127 -0.000000 66.367570 1.199e-11
95100 4468.985307 -4.243e-12 8.001127 -0.000000 66.367570 1.184e-11
95200 4468.985307 -3.235e-12 8.001127 -0.000000 66.367569 1.169e-11
95300 4468.985307 -6.286e-12 8.001127 -0.000000 66.367569 1.154e-11
95400 4468.985307 -2.175e-12 8.001127 -0.000000 66.367569 1.139e-11
95500 4468.985306 -4.095e-12 8.001127 -0.000000 66.367569 1.125e-11
95600 4468.985306 -3.588e-12 8.001127 -0.000000 66.367569 1.110e-11
95700 4468.985306 -3.884e-12 8.001127 -0.000000 66.367569 1.096e-11
95800 4468.985306 -5.276e-12 8.001127 -0.000000 66.367568 1.083e-11
95900 4468.985306 -2.543e-12 8.001127 -0.000000 66.367568 1.068e-11
96000 4468.985306 -2.222e-12 8.001127 -0.000000 66.367568 1.055e-11
96100 4468.985305 -5.259e-12 8.001127 -0.000000 66.367568 1.041e-11
96200 4468.985305 -3.096e-12 8.001127 -0.000000 66.367568 1.028e-11
96300 4468.985305 -4.548e-12 8.001127 -0.000000 66.367568 1.015e-11
96400 4468.985305 -1.899e-12 8.001127 -0.000000 66.367567 1.002e-11
96500 4468.985305 -4.738e-12 8.001127 -0.000000 66.367567 9.896e-12
